[ [ 52, 64, 77, 89, 0, 0, 0, 0, 0 ],
  [ 52, 64, 76, 89, 0, 0, 10, 0, 217 ],
  [ 52, 64, 75, 89, 0, 0, 10, 0, 218 ],
  [ 52, 64, 76, 89, 0, 0, 10, 0, 217 ],
  [ 52, 64, 75, 89, 0, 0, 10, 0, 218 ],
  [ 52, 64, 76, 89, 0, 0, 10, 0, 217 ],
  [ 52, 64, 71, 89, 0, 0, 10, 0, 217 ],
  [ 52, 64, 74, 89, 0, 0, 10, 0, 218 ],
  [ 52, 63, 72, 89, 0, 0, 10, 0, 217 ],
  [ 52, 62, 69, 89, 0, 0, 10, 0, 652 ],
  [ 52, 62, 69, 89, 0, 0, 0, 0, 218 ],
  [ 52, 61, 69, 89, 10, 0, 0, 0, 217 ],
  [ 52, 57, 69, 89, 0, 10, 0, 0, 217 ],
  [ 52, 60, 69, 89, 0, 10, 0, 0, 218 ],
  [ 52, 64, 71, 89, 0, 10, 0, 0, 217 ],
  [ 52, 62, 69, 89, 0, 0, 10, 0, 218 ],
  [ 52, 62, 71, 89, 0, 0, 10, 0, 652 ],
  [ 52, 62, 71, 89, 0, 0, 0, 0, 217 ],
  [ 52, 62, 71, 89, 10, 0, 0, 0, 217 ],
  [ 56, 62, 71, 89, 10, 0, 0, 0, 218 ],
  [ 56, 64, 71, 89, 0, 10, 0, 0, 217 ],
  [ 56, 61, 68, 89, 0, 0, 10, 0, 218 ],
  [ 56, 61, 71, 89, 0, 0, 10, 0, 217 ],
  [ 56, 61, 72, 89, 0, 0, 10, 0, 652 ],
  [ 56, 61, 72, 89, 0, 0, 0, 0, 217 ],
  [ 52, 60, 72, 89, 10, 0, 0, 0, 218 ],
  [ 52, 57, 72, 89, 0, 10, 0, 0, 217 ],
  [ 52, 64, 72, 89, 0, 10, 0, 0, 217 ],
  [ 52, 64, 76, 89, 0, 0, 10, 0, 218 ],
  [ 52, 64, 75, 89, 0, 0, 10, 0, 217 ],
  [ 52, 64, 76, 89, 0, 0, 10, 0, 218 ],
  [ 52, 64, 75, 89, 0, 0, 10, 0, 217 ],
  [ 52, 64, 76, 89, 0, 0, 10, 0, 217 ],
  [ 52, 64, 71, 89, 0, 0, 10, 0, 218 ],
  [ 52, 64, 74, 89, 0, 0, 10, 0, 217 ],
  [ 52, 63, 72, 89, 0, 0, 10, 0, 218 ],
  [ 52, 62, 69, 89, 0, 0, 10, 0, 652 ],
  [ 52, 62, 69, 89, 0, 0, 0, 0, 217 ],
  [ 52, 61, 69, 89, 10, 0, 0, 0, 217 ],
  [ 52, 57, 69, 89, 0, 10, 0, 0, 218 ],
  [ 52, 60, 69, 89, 0, 10, 0, 0, 217 ],
  [ 52, 64, 71, 89, 0, 10, 0, 0, 218 ],
  [ 52, 62, 69, 89, 0, 0, 10, 0, 217 ],
  [ 52, 62, 71, 89, 0, 0, 10, 0, 652 ],
  [ 52, 62, 71, 89, 0, 0, 0, 0, 217 ],
  [ 52, 62, 71, 89, 10, 0, 0, 0, 218 ],
  [ 56, 62, 71, 89, 10, 0, 0, 0, 217 ],
  [ 56, 64, 71, 89, 0, 10, 0, 0, 218 ],
  [ 56, 64, 72, 89, 0, 0, 10, 0, 217 ],
  [ 56, 63, 71, 89, 0, 0, 10, 0, 217 ],
  [ 56, 62, 69, 89, 0, 0, 10, 0, 652 ],
  [ 56, 62, 69, 89, 0, 0, 0, 0, 218 ],
  [ 52, 61, 69, 89, 10, 0, 0, 0, 217 ],
  [ 52, 57, 69, 89, 0, 10, 0, 0, 217 ],
  [ 52, 57, 76, 89, 0, 0, 10, 0, 217 ],
  [ 52, 57, 75, 89, 0, 0, 10, 0, 218 ],
  [ 52, 57, 76, 89, 0, 0, 10, 0, 217 ],
  [ 52, 57, 75, 89, 0, 0, 10, 0, 217 ],
  [ 52, 57, 76, 89, 0, 0, 10, 0, 218 ],
  [ 52, 57, 71, 89, 0, 0, 10, 0, 217 ],
  [ 52, 57, 74, 89, 0, 0, 10, 0, 218 ],
  [ 52, 57, 72, 89, 0, 0, 10, 0, 217 ],
  [ 52, 57, 69, 89, 0, 0, 10, 0, 652 ],
  [ 52, 57, 69, 89, 0, 0, 0, 0, 217 ],
  [ 52, 57, 69, 89, 10, 0, 0, 0, 218 ],
  [ 52, 57, 69, 89, 0, 10, 0, 0, 217 ],
  [ 52, 60, 69, 89, 0, 10, 0, 0, 218 ],
  [ 52, 64, 71, 89, 0, 10, 0, 0, 217 ],
  [ 52, 62, 69, 89, 0, 0, 10, 0, 217 ],
  [ 52, 62, 71, 89, 0, 0, 10, 0, 653 ],
  [ 52, 62, 71, 89, 0, 0, 0, 0, 218 ],
  [ 52, 62, 71, 89, 10, 0, 0, 0, 217 ],
  [ 56, 62, 71, 89, 10, 0, 0, 0, 218 ],
  [ 56, 64, 71, 89, 0, 10, 0, 0, 217 ],
  [ 56, 61, 68, 89, 0, 0, 10, 0, 217 ],
  [ 56, 61, 71, 89, 0, 0, 10, 0, 218 ],
  [ 56, 61, 72, 89, 0, 0, 10, 0, 434 ],
  [ 56, 61, 72, 89, 0, 0, 0, 0, 217 ],
  [ 52, 60, 72, 89, 10, 0, 0, 0, 217 ],
  [ 52, 57, 72, 89, 0, 10, 0, 0, 218 ],
  [ 52, 64, 72, 89, 0, 10, 0, 0, 217 ],
  [ 52, 64, 76, 89, 0, 0, 10, 0, 218 ],
  [ 52, 64, 75, 89, 0, 0, 10, 0, 217 ],
  [ 52, 64, 76, 89, 0, 0, 10, 0, 217 ],
  [ 52, 64, 75, 89, 0, 0, 10, 0, 218 ],
  [ 52, 64, 76, 89, 0, 0, 10, 0, 217 ],
  [ 52, 64, 71, 89, 0, 0, 10, 0, 218 ],
  [ 52, 64, 74, 89, 0, 0, 10, 0, 217 ],
  [ 52, 63, 72, 89, 0, 0, 10, 0, 217 ],
  [ 52, 62, 69, 89, 0, 0, 10, 0, 435 ],
  [ 52, 62, 69, 89, 0, 0, 0, 0, 218 ],
  [ 52, 61, 69, 89, 10, 0, 0, 0, 217 ],
  [ 52, 57, 69, 89, 0, 10, 0, 0, 218 ],
  [ 52, 60, 69, 89, 0, 10, 0, 0, 217 ],
  [ 52, 64, 71, 89, 0, 10, 0, 0, 217 ],
  [ 52, 62, 69, 89, 0, 0, 10, 0, 218 ],
  [ 52, 62, 71, 89, 0, 0, 10, 0, 435 ],
  [ 52, 62, 71, 89, 0, 0, 0, 0, 217 ],
  [ 52, 62, 71, 89, 10, 0, 0, 0, 218 ],
  [ 56, 62, 71, 89, 10, 0, 0, 0, 217 ],
  [ 56, 64, 71, 89, 0, 10, 0, 0, 217 ],
  [ 56, 64, 72, 89, 0, 0, 10, 0, 218 ],
  [ 56, 63, 71, 89, 0, 0, 10, 0, 217 ],
  [ 56, 62, 69, 89, 0, 0, 10, 0, 435 ],
  [ 56, 62, 69, 89, 0, 0, 0, 0, 217 ],
  [ 52, 61, 69, 89, 10, 0, 0, 0, 218 ],
  [ 52, 57, 69, 89, 0, 10, 0, 0, 217 ],
  [ 52, 57, 71, 89, 0, 0, 10, 0, 218 ],
  [ 52, 57, 72, 89, 0, 0, 10, 0, 217 ],
  [ 52, 57, 74, 89, 0, 0, 10, 0, 217 ],
  [ 51, 57, 76, 89, 0, 0, 10, 0, 653 ],
  [ 48, 56, 76, 89, 10, 0, 0, 0, 218 ],
  [ 48, 55, 76, 89, 0, 10, 0, 0, 217 ],
  [ 48, 60, 76, 89, 0, 10, 0, 0, 218 ],
  [ 48, 67, 76, 89, 0, 10, 0, 0, 217 ],
  [ 48, 67, 77, 89, 0, 0, 10, 0, 217 ],
  [ 48, 67, 76, 89, 0, 0, 10, 0, 218 ],
  [ 48, 67, 74, 89, 0, 0, 10, 0, 652 ],
  [ 48, 67, 74, 89, 0, 0, 0, 0, 217 ],
  [ 55, 67, 74, 89, 10, 0, 0, 0, 218 ],
  [ 59, 66, 74, 89, 10, 0, 0, 0, 217 ],
  [ 59, 65, 74, 89, 0, 10, 0, 0, 217 ],
  [ 59, 65, 76, 89, 0, 0, 10, 0, 218 ],
  [ 59, 65, 74, 89, 0, 0, 10, 0, 217 ],
  [ 59, 65, 72, 89, 0, 0, 10, 0, 652 ],
  [ 59, 65, 72, 89, 0, 0, 0, 0, 218 ],
  [ 52, 65, 72, 89, 10, 0, 0, 0, 217 ],
  [ 57, 65, 72, 89, 10, 0, 0, 0, 217 ],
  [ 57, 64, 72, 89, 0, 10, 0, 0, 218 ],
  [ 57, 64, 74, 89, 0, 0, 10, 0, 217 ],
  [ 57, 64, 72, 89, 0, 0, 10, 0, 217 ],
  [ 57, 64, 71, 89, 0, 0, 10, 0, 435 ],
  [ 57, 64, 71, 89, 0, 0, 0, 0, 218 ],
  [ 52, 64, 71, 89, 10, 0, 0, 0, 217 ],
  [ 52, 64, 71, 89, 0, 10, 0, 0, 218 ],
  [ 52, 64, 72, 89, 0, 10, 0, 0, 217 ],
  [ 52, 64, 76, 89, 0, 0, 10, 0, 217 ],
  [ 52, 64, 76, 89, 0, 10, 0, 0, 218 ],
  [ 52, 64, 76, 89, 0, 0, 10, 0, 217 ],
  [ 52, 64, 76, 89, 0, 0, 10, 0, 218 ],
  [ 52, 64, 76, 88, 0, 0, 0, 10, 217 ],
  [ 52, 64, 75, 88, 0, 0, 10, 0, 217 ],
  [ 52, 64, 76, 88, 0, 0, 10, 0, 218 ],
  [ 52, 64, 75, 88, 0, 0, 10, 0, 217 ],
  [ 52, 64, 76, 88, 0, 0, 10, 0, 218 ],
  [ 52, 64, 75, 88, 0, 0, 10, 0, 217 ],
  [ 52, 64, 76, 88, 0, 0, 10, 0, 217 ],
  [ 52, 64, 71, 88, 0, 0, 10, 0, 218 ],
  [ 52, 64, 74, 88, 0, 0, 10, 0, 217 ],
  [ 52, 63, 72, 88, 0, 0, 10, 0, 218 ],
  [ 52, 62, 69, 88, 0, 0, 10, 0, 434 ],
  [ 52, 62, 69, 88, 0, 0, 0, 0, 217 ],
  [ 52, 61, 69, 88, 10, 0, 0, 0, 217 ],
  [ 52, 57, 69, 88, 0, 10, 0, 0, 218 ],
  [ 52, 60, 69, 88, 0, 10, 0, 0, 217 ],
  [ 52, 64, 71, 88, 0, 10, 0, 0, 217 ],
  [ 52, 62, 69, 88, 0, 0, 10, 0, 218 ],
  [ 52, 62, 71, 88, 0, 0, 10, 0, 435 ],
  [ 52, 62, 71, 88, 0, 0, 0, 0, 217 ],
  [ 52, 62, 71, 88, 10, 0, 0, 0, 218 ],
  [ 56, 62, 71, 88, 10, 0, 0, 0, 217 ],
  [ 56, 64, 71, 88, 0, 10, 0, 0, 217 ],
  [ 56, 61, 68, 88, 0, 0, 10, 0, 218 ],
  [ 56, 61, 71, 88, 0, 0, 10, 0, 217 ],
  [ 56, 61, 72, 88, 0, 0, 10, 0, 435 ],
  [ 56, 61, 72, 88, 0, 0, 0, 0, 218 ],
  [ 52, 60, 72, 88, 10, 0, 0, 0, 217 ],
  [ 52, 57, 72, 88, 0, 10, 0, 0, 217 ],
  [ 52, 64, 72, 88, 0, 10, 0, 0, 218 ],
  [ 52, 64, 76, 88, 0, 0, 10, 0, 217 ],
  [ 52, 64, 75, 88, 0, 0, 10, 0, 218 ],
  [ 52, 64, 76, 88, 0, 0, 10, 0, 217 ],
  [ 52, 64, 75, 88, 0, 0, 10, 0, 217 ],
  [ 52, 64, 76, 88, 0, 0, 10, 0, 218 ],
  [ 52, 64, 71, 88, 0, 0, 10, 0, 217 ],
  [ 52, 64, 74, 88, 0, 0, 10, 0, 218 ],
  [ 52, 63, 72, 88, 0, 0, 10, 0, 217 ],
  [ 52, 62, 69, 88, 0, 0, 10, 0, 435 ],
  [ 52, 62, 69, 88, 0, 0, 0, 0, 217 ],
  [ 52, 61, 69, 88, 10, 0, 0, 0, 218 ],
  [ 52, 57, 69, 88, 0, 10, 0, 0, 217 ],
  [ 52, 60, 69, 88, 0, 10, 0, 0, 217 ],
  [ 52, 64, 71, 88, 0, 10, 0, 0, 218 ],
  [ 52, 62, 69, 88, 0, 0, 10, 0, 217 ],
  [ 52, 62, 71, 88, 0, 0, 10, 0, 435 ],
  [ 52, 62, 71, 88, 0, 0, 0, 0, 218 ],
  [ 52, 62, 71, 88, 10, 0, 0, 0, 217 ],
  [ 56, 62, 71, 88, 10, 0, 0, 0, 217 ],
  [ 56, 64, 71, 88, 0, 10, 0, 0, 218 ],
  [ 56, 64, 72, 88, 0, 0, 10, 0, 217 ],
  [ 56, 63, 71, 88, 0, 0, 10, 0, 218 ],
  [ 56, 62, 69, 88, 0, 0, 10, 0, 434 ],
  [ 56, 62, 69, 88, 0, 0, 0, 0, 217 ],
  [ 52, 61, 69, 88, 10, 0, 0, 0, 217 ],
  [ 52, 57, 69, 88, 0, 10, 0, 0, 218 ],
  [ 52, 57, 71, 88, 0, 0, 10, 0, 217 ],
  [ 52, 57, 72, 88, 0, 0, 10, 0, 218 ],
  [ 52, 57, 74, 88, 0, 0, 10, 0, 217 ],
  [ 51, 57, 76, 88, 0, 0, 10, 0, 652 ],
  [ 48, 56, 76, 88, 10, 0, 0, 0, 217 ],
  [ 48, 55, 76, 88, 0, 10, 0, 0, 218 ],
  [ 48, 60, 76, 88, 0, 10, 0, 0, 217 ],
  [ 48, 67, 76, 88, 0, 10, 0, 0, 218 ],
  [ 48, 67, 77, 88, 0, 0, 10, 0, 217 ],
  [ 48, 67, 76, 88, 0, 0, 10, 0, 217 ],
  [ 48, 67, 74, 88, 0, 0, 10, 0, 652 ],
  [ 48, 67, 74, 88, 0, 0, 0, 0, 218 ],
  [ 55, 67, 74, 88, 10, 0, 0, 0, 217 ],
  [ 59, 66, 74, 88, 10, 0, 0, 0, 217 ],
  [ 59, 65, 74, 88, 0, 10, 0, 0, 218 ],
  [ 59, 65, 76, 88, 0, 0, 10, 0, 217 ],
  [ 59, 65, 74, 88, 0, 0, 10, 0, 218 ],
  [ 59, 65, 72, 88, 0, 0, 10, 0, 652 ],
  [ 59, 65, 72, 88, 0, 0, 0, 0, 217 ],
  [ 52, 65, 72, 88, 10, 0, 0, 0, 217 ],
  [ 57, 65, 72, 88, 10, 0, 0, 0, 218 ],
  [ 57, 64, 72, 88, 0, 10, 0, 0, 217 ],
  [ 57, 64, 74, 88, 0, 0, 10, 0, 218 ],
  [ 57, 64, 72, 88, 0, 0, 10, 0, 217 ],
  [ 57, 64, 71, 88, 0, 0, 10, 0, 435 ],
  [ 57, 64, 71, 88, 0, 0, 0, 0, 217 ],
  [ 52, 64, 71, 88, 10, 0, 0, 0, 218 ],
  [ 52, 64, 71, 88, 0, 10, 0, 0, 217 ],
  [ 52, 64, 72, 88, 0, 10, 0, 0, 218 ],
  [ 52, 64, 76, 88, 0, 0, 10, 0, 217 ],
  [ 52, 64, 76, 88, 0, 10, 0, 0, 217 ],
  [ 52, 64, 76, 88, 0, 0, 10, 0, 218 ],
  [ 52, 64, 76, 88, 0, 0, 10, 0, 217 ],
  [ 52, 64, 76, 88, 0, 0, 0, 10, 218 ],
  [ 52, 64, 75, 88, 0, 0, 10, 0, 217 ],
  [ 52, 64, 76, 88, 0, 0, 10, 0, 217 ],
  [ 52, 64, 75, 88, 0, 0, 10, 0, 218 ],
  [ 52, 64, 76, 88, 0, 0, 10, 0, 217 ],
  [ 52, 64, 75, 88, 0, 0, 10, 0, 217 ],
  [ 52, 64, 76, 88, 0, 0, 10, 0, 218 ],
  [ 52, 64, 71, 88, 0, 0, 10, 0, 217 ],
  [ 52, 64, 74, 88, 0, 0, 10, 0, 218 ],
  [ 52, 63, 72, 88, 0, 0, 10, 0, 217 ],
  [ 52, 62, 69, 88, 0, 0, 10, 0, 435 ],
  [ 52, 62, 69, 88, 0, 0, 0, 0, 217 ],
  [ 52, 61, 69, 88, 10, 0, 0, 0, 218 ],
  [ 52, 57, 69, 88, 0, 10, 0, 0, 217 ],
  [ 52, 60, 69, 88, 0, 10, 0, 0, 218 ],
  [ 52, 64, 71, 88, 0, 10, 0, 0, 217 ],
  [ 52, 62, 69, 88, 0, 0, 10, 0, 217 ],
  [ 52, 62, 71, 88, 0, 0, 10, 0, 435 ],
  [ 52, 62, 71, 88, 0, 0, 0, 0, 218 ],
  [ 52, 62, 71, 88, 10, 0, 0, 0, 217 ],
  [ 56, 62, 71, 88, 10, 0, 0, 0, 218 ],
  [ 56, 64, 71, 88, 0, 10, 0, 0, 217 ],
  [ 56, 61, 68, 88, 0, 0, 10, 0, 217 ],
  [ 56, 61, 71, 88, 0, 0, 10, 0, 218 ],
  [ 56, 61, 72, 88, 0, 0, 10, 0, 435 ],
  [ 56, 61, 72, 88, 0, 0, 0, 0, 217 ],
  [ 52, 60, 72, 88, 10, 0, 0, 0, 218 ],
  [ 52, 57, 72, 88, 0, 10, 0, 0, 217 ],
  [ 52, 64, 72, 88, 0, 10, 0, 0, 217 ],
  [ 52, 64, 76, 88, 0, 0, 10, 0, 218 ],
  [ 52, 64, 75, 88, 0, 0, 10, 0, 217 ],
  [ 52, 64, 76, 88, 0, 0, 10, 0, 217 ],
  [ 52, 64, 75, 88, 0, 0, 10, 0, 218 ],
  [ 52, 64, 76, 88, 0, 0, 10, 0, 217 ],
  [ 52, 64, 71, 88, 0, 0, 10, 0, 218 ],
  [ 52, 64, 74, 88, 0, 0, 10, 0, 217 ],
  [ 52, 63, 72, 88, 0, 0, 10, 0, 217 ],
  [ 52, 62, 69, 88, 0, 0, 10, 0, 435 ],
  [ 52, 62, 69, 88, 0, 0, 0, 0, 218 ],
  [ 52, 61, 69, 88, 10, 0, 0, 0, 217 ],
  [ 52, 57, 69, 88, 0, 10, 0, 0, 218 ],
  [ 52, 60, 69, 88, 0, 10, 0, 0, 217 ],
  [ 52, 64, 71, 88, 0, 10, 0, 0, 217 ],
  [ 52, 62, 69, 88, 0, 0, 10, 0, 218 ],
  [ 52, 62, 71, 88, 0, 0, 10, 0, 435 ],
  [ 52, 62, 71, 88, 0, 0, 0, 0, 217 ],
  [ 52, 62, 71, 88, 10, 0, 0, 0, 218 ],
  [ 56, 62, 71, 88, 10, 0, 0, 0, 217 ],
  [ 56, 64, 71, 88, 0, 10, 0, 0, 217 ],
  [ 56, 64, 72, 88, 0, 0, 10, 0, 218 ],
  [ 56, 63, 71, 88, 0, 0, 10, 0, 217 ],
  [ 56, 62, 69, 88, 0, 0, 10, 0, 435 ],
  [ 56, 62, 69, 88, 0, 0, 0, 0, 218 ],
  [ 52, 61, 69, 88, 10, 0, 0, 0, 217 ],
  [ 52, 57, 69, 88, 0, 10, 0, 0, 217 ],
  [ 52, 58, 69, 88, 0, 10, 0, 0, 109 ],
  [ 52, 60, 69, 88, 0, 10, 0, 0, 109 ],
  [ 52, 64, 71, 88, 0, 10, 0, 0, 109 ],
  [ 52, 63, 72, 88, 0, 0, 10, 0, 109 ],
  [ 52, 60, 72, 88, 0, 10, 0, 0, 108 ],
  [ 52, 57, 71, 88, 0, 10, 0, 0, 108 ],
  [ 52, 57, 65, 88, 0, 0, 10, 0, 108 ],
  [ 52, 57, 72, 88, 0, 0, 10, 0, 108 ],
  [ 52, 58, 72, 88, 0, 10, 0, 0, 109 ],
  [ 52, 60, 72, 88, 0, 10, 0, 0, 109 ],
  [ 55, 60, 72, 88, 10, 0, 0, 0, 109 ],
  [ 55, 64, 72, 88, 0, 10, 0, 0, 109 ],
  [ 55, 64, 72, 88, 0, 0, 10, 0, 109 ],
  [ 55, 67, 74, 88, 0, 10, 0, 0, 109 ],
  [ 54, 65, 72, 88, 0, 0, 10, 0, 870 ],
  [ 53, 65, 72, 88, 10, 0, 0, 0, 218 ],
  [ 57, 65, 72, 88, 10, 0, 0, 0, 217 ],
  [ 60, 65, 72, 88, 10, 0, 0, 0, 218 ],
  [ 57, 65, 72, 88, 10, 0, 0, 0, 217 ],
  [ 60, 65, 73, 88, 10, 0, 0, 0, 217 ],
  [ 59, 65, 77, 88, 0, 0, 10, 0, 326 ],
  [ 57, 65, 77, 88, 10, 0, 0, 0, 218 ],
  [ 57, 65, 76, 88, 0, 0, 10, 0, 109 ],
  [ 56, 65, 76, 88, 0, 0, 10, 0, 435 ],
  [ 53, 65, 76, 88, 10, 0, 0, 0, 217 ],
  [ 58, 65, 75, 88, 10, 0, 0, 0, 218 ],
  [ 58, 64, 74, 88, 0, 0, 10, 0, 434 ],
  [ 58, 62, 74, 88, 0, 10, 0, 0, 217 ],
  [ 58, 62, 74, 88, 10, 0, 0, 0, 217 ],
  [ 58, 62, 74, 87, 0, 10, 0, 0, 218 ],
  [ 58, 62, 74, 82, 0, 0, 0, 10, 326 ],
  [ 58, 62, 74, 82, 10, 0, 0, 0, 217 ],
  [ 58, 62, 74, 81, 0, 0, 0, 10, 109 ],
  [ 57, 62, 74, 81, 0, 0, 0, 10, 218 ],
  [ 53, 62, 74, 80, 10, 0, 0, 0, 218 ],
  [ 53, 62, 74, 79, 0, 0, 0, 10, 217 ],
  [ 53, 64, 74, 78, 0, 10, 0, 0, 217 ],
  [ 53, 64, 74, 77, 0, 0, 0, 10, 217 ],
  [ 58, 64, 74, 77, 10, 0, 0, 0, 217 ],
  [ 55, 64, 74, 77, 10, 0, 0, 0, 217 ],
  [ 53, 64, 74, 77, 10, 0, 0, 0, 217 ],
  [ 53, 64, 73, 76, 0, 0, 0, 10, 218 ],
  [ 53, 64, 73, 76, 0, 10, 0, 0, 218 ],
  [ 54, 64, 74, 77, 0, 0, 10, 0, 217 ],
  [ 58, 64, 74, 77, 10, 0, 0, 0, 217 ],
  [ 55, 64, 74, 77, 10, 0, 0, 0, 217 ],
  [ 53, 64, 73, 77, 10, 0, 0, 0, 217 ],
  [ 53, 64, 72, 77, 0, 0, 10, 0, 218 ],
  [ 53, 64, 71, 77, 0, 10, 0, 0, 218 ],
  [ 53, 63, 70, 77, 0, 0, 10, 0, 434 ],
  [ 53, 63, 70, 77, 10, 0, 0, 0, 217 ],
  [ 57, 63, 70, 77, 10, 0, 0, 0, 217 ],
  [ 57, 62, 69, 77, 0, 0, 10, 0, 435 ],
  [ 57, 60, 69, 77, 0, 10, 0, 0, 218 ],
  [ 57, 60, 69, 77, 10, 0, 0, 0, 217 ],
  [ 57, 60, 69, 77, 0, 0, 10, 0, 109 ],
  [ 57, 60, 68, 77, 0, 10, 0, 0, 217 ],
  [ 57, 60, 67, 77, 0, 0, 10, 0, 108 ],
  [ 57, 60, 69, 77, 0, 0, 10, 0, 109 ],
  [ 57, 60, 69, 77, 10, 0, 0, 0, 218 ],
  [ 57, 60, 70, 77, 0, 0, 10, 0, 109 ],
  [ 56, 60, 72, 77, 0, 0, 10, 0, 869 ],
  [ 53, 59, 72, 77, 10, 0, 0, 0, 217 ],
  [ 53, 57, 72, 77, 0, 10, 0, 0, 218 ],
  [ 53, 60, 72, 77, 0, 10, 0, 0, 217 ],
  [ 53, 57, 72, 77, 0, 10, 0, 0, 217 ],
  [ 53, 58, 74, 77, 0, 0, 10, 0, 218 ],
  [ 53, 60, 74, 77, 0, 10, 0, 0, 218 ],
  [ 53, 59, 75, 78, 0, 0, 10, 0, 217 ],
  [ 53, 57, 75, 78, 0, 10, 0, 0, 217 ],
  [ 53, 57, 76, 79, 0, 0, 10, 0, 652 ],
  [ 52, 57, 76, 79, 10, 0, 0, 0, 218 ],
  [ 52, 57, 76, 79, 0, 10, 0, 0, 217 ],
  [ 52, 60, 76, 79, 0, 10, 0, 0, 217 ],
  [ 52, 59, 76, 79, 0, 0, 10, 0, 218 ],
  [ 52, 57, 76, 79, 0, 10, 0, 0, 218 ],
  [ 52, 58, 77, 80, 0, 0, 10, 0, 217 ],
  [ 51, 62, 77, 80, 0, 10, 0, 0, 217 ],
  [ 50, 63, 77, 80, 10, 0, 0, 0, 217 ],
  [ 51, 69, 77, 80, 0, 10, 0, 0, 218 ],
  [ 53, 70, 77, 80, 10, 0, 0, 0, 218 ],
  [ 54, 72, 79, 82, 0, 10, 0, 0, 869 ],
  [ 55, 71, 79, 82, 10, 0, 0, 0, 217 ],
  [ 55, 64, 79, 82, 0, 10, 0, 0, 217 ],
  [ 55, 64, 79, 82, 10, 0, 0, 0, 218 ],
  [ 55, 64, 78, 82, 0, 10, 0, 0, 217 ],
  [ 55, 64, 74, 82, 0, 0, 10, 0, 326 ],
  [ 55, 64, 74, 82, 10, 0, 0, 0, 218 ],
  [ 55, 65, 73, 82, 0, 10, 0, 0, 217 ],
  [ 55, 64, 71, 82, 0, 0, 10, 0, 109 ],
  [ 55, 63, 72, 82, 0, 0, 10, 0, 109 ],
  [ 55, 60, 72, 82, 0, 10, 0, 0, 435 ],
  [ 55, 64, 72, 81, 0, 10, 0, 0, 435 ],
  [ 55, 64, 73, 79, 0, 0, 0, 10, 108 ],
  [ 55, 67, 74, 79, 0, 10, 0, 0, 109 ],
  [ 55, 67, 75, 79, 0, 0, 0, 10, 109 ],
  [ 55, 69, 76, 79, 0, 10, 0, 0, 108 ],
  [ 55, 69, 76, 79, 0, 0, 0, 10, 109 ],
  [ 55, 71, 78, 81, 0, 10, 0, 0, 109 ],
  [ 55, 67, 78, 81, 0, 10, 0, 0, 109 ],
  [ 55, 65, 78, 81, 0, 10, 0, 0, 109 ],
  [ 55, 66, 79, 82, 0, 0, 10, 0, 108 ],
  [ 55, 72, 79, 82, 0, 10, 0, 0, 109 ],
  [ 55, 67, 79, 82, 0, 10, 0, 0, 109 ],
  [ 55, 64, 79, 82, 0, 10, 0, 0, 109 ],
  [ 55, 64, 79, 82, 0, 0, 10, 0, 109 ],
  [ 55, 64, 74, 82, 0, 0, 10, 0, 109 ],
  [ 55, 67, 74, 82, 0, 10, 0, 0, 109 ],
  [ 55, 65, 74, 82, 0, 10, 0, 0, 109 ],
  [ 55, 62, 74, 81, 0, 10, 0, 0, 109 ],
  [ 55, 62, 75, 79, 0, 0, 0, 10, 108 ],
  [ 55, 61, 76, 79, 0, 0, 10, 0, 109 ],
  [ 55, 60, 76, 79, 0, 10, 0, 0, 218 ],
  [ 55, 64, 76, 79, 0, 10, 0, 0, 218 ],
  [ 55, 67, 76, 79, 0, 10, 0, 0, 218 ],
  [ 55, 67, 76, 79, 0, 0, 0, 10, 109 ],
  [ 55, 67, 76, 84, 0, 0, 0, 10, 108 ],
  [ 55, 67, 76, 83, 0, 0, 0, 10, 109 ],
  [ 54, 67, 76, 81, 0, 0, 0, 10, 109 ],
  [ 53, 67, 76, 81, 10, 0, 0, 0, 217 ],
  [ 57, 67, 76, 80, 10, 0, 0, 0, 217 ],
  [ 57, 67, 76, 79, 0, 0, 0, 10, 108 ],
  [ 57, 67, 77, 80, 0, 0, 10, 0, 109 ],
  [ 57, 66, 74, 80, 0, 0, 10, 0, 109 ],
  [ 56, 65, 72, 80, 0, 0, 10, 0, 109 ],
  [ 55, 65, 72, 80, 10, 0, 0, 0, 217 ],
  [ 59, 65, 72, 80, 10, 0, 0, 0, 217 ],
  [ 59, 65, 72, 79, 0, 0, 0, 10, 108 ],
  [ 59, 65, 73, 77, 0, 0, 0, 10, 109 ],
  [ 59, 65, 74, 77, 0, 0, 10, 0, 109 ],
  [ 59, 65, 72, 77, 0, 0, 10, 0, 108 ],
  [ 60, 65, 72, 78, 10, 0, 0, 0, 217 ],
  [ 60, 65, 73, 79, 0, 0, 0, 10, 109 ],
  [ 60, 67, 74, 79, 0, 10, 0, 0, 109 ],
  [ 60, 67, 75, 79, 0, 0, 0, 10, 108 ],
  [ 60, 69, 76, 79, 0, 10, 0, 0, 109 ],
  [ 60, 69, 76, 79, 0, 0, 0, 10, 109 ],
  [ 60, 71, 78, 81, 0, 10, 0, 0, 108 ],
  [ 60, 67, 78, 81, 0, 10, 0, 0, 108 ],
  [ 60, 65, 78, 81, 0, 10, 0, 0, 108 ],
  [ 60, 66, 79, 82, 0, 0, 10, 0, 109 ],
  [ 60, 72, 79, 82, 0, 10, 0, 0, 109 ],
  [ 60, 67, 79, 82, 0, 10, 0, 0, 109 ],
  [ 60, 64, 79, 82, 0, 10, 0, 0, 109 ],
  [ 60, 64, 79, 82, 0, 0, 10, 0, 109 ],
  [ 60, 64, 74, 82, 0, 0, 10, 0, 108 ],
  [ 60, 67, 74, 82, 0, 10, 0, 0, 108 ],
  [ 60, 65, 74, 82, 0, 10, 0, 0, 108 ],
  [ 62, 65, 74, 81, 10, 0, 0, 0, 108 ],
  [ 62, 65, 75, 79, 0, 0, 0, 10, 109 ],
  [ 61, 65, 76, 79, 0, 0, 10, 0, 109 ],
  [ 60, 65, 76, 79, 10, 0, 0, 0, 217 ],
  [ 60, 64, 76, 79, 0, 10, 0, 0, 217 ],
  [ 60, 67, 76, 79, 0, 10, 0, 0, 217 ],
  [ 60, 67, 76, 79, 0, 0, 0, 10, 108 ],
  [ 60, 67, 76, 84, 0, 0, 0, 10, 109 ],
  [ 60, 67, 76, 83, 0, 0, 0, 10, 109 ],
  [ 59, 67, 76, 81, 0, 0, 0, 10, 108 ],
  [ 53, 67, 76, 81, 10, 0, 0, 0, 217 ],
  [ 57, 67, 76, 80, 10, 0, 0, 0, 217 ],
  [ 57, 67, 76, 79, 0, 0, 0, 10, 109 ],
  [ 57, 67, 77, 80, 0, 0, 10, 0, 109 ],
  [ 57, 67, 76, 80, 0, 0, 10, 0, 109 ],
  [ 56, 67, 74, 80, 0, 0, 10, 0, 108 ],
  [ 55, 67, 74, 80, 10, 0, 0, 0, 217 ],
  [ 59, 67, 74, 80, 10, 0, 0, 0, 217 ],
  [ 59, 67, 74, 79, 0, 0, 0, 10, 109 ],
  [ 59, 67, 74, 77, 0, 0, 0, 10, 109 ],
  [ 59, 67, 74, 77, 0, 0, 10, 0, 108 ],
  [ 58, 66, 73, 76, 0, 0, 0, 10, 109 ],
  [ 56, 66, 73, 76, 10, 0, 0, 0, 218 ],
  [ 59, 66, 73, 76, 10, 0, 0, 0, 218 ],
  [ 59, 66, 73, 77, 0, 0, 0, 10, 109 ],
  [ 59, 66, 73, 76, 0, 0, 0, 10, 108 ],
  [ 59, 65, 72, 75, 0, 0, 0, 10, 109 ],
  [ 59, 65, 72, 76, 0, 0, 0, 10, 109 ],
  [ 59, 64, 71, 76, 0, 0, 10, 0, 108 ],
  [ 59, 64, 71, 76, 0, 0, 0, 10, 109 ],
  [ 59, 64, 71, 75, 0, 0, 0, 10, 109 ],
  [ 59, 64, 71, 76, 0, 0, 0, 10, 109 ],
  [ 59, 64, 71, 76, 0, 0, 10, 0, 108 ],
  [ 59, 64, 71, 76, 0, 0, 0, 10, 109 ],
  [ 59, 64, 71, 75, 0, 0, 0, 10, 109 ],
  [ 59, 64, 71, 76, 0, 0, 0, 10, 652 ],
  [ 59, 64, 71, 76, 0, 0, 10, 0, 217 ],
  [ 59, 64, 71, 76, 0, 0, 0, 10, 218 ],
  [ 59, 64, 71, 75, 0, 0, 0, 10, 217 ],
  [ 59, 64, 71, 76, 0, 0, 0, 10, 652 ],
  [ 59, 64, 71, 76, 0, 0, 10, 0, 218 ],
  [ 59, 64, 71, 76, 0, 0, 0, 10, 217 ],
  [ 59, 64, 71, 75, 0, 0, 0, 10, 217 ],
  [ 59, 64, 71, 76, 0, 0, 0, 10, 218 ],
  [ 59, 64, 71, 75, 0, 0, 0, 10, 217 ],
  [ 59, 64, 71, 76, 0, 0, 0, 10, 218 ],
  [ 59, 64, 71, 75, 0, 0, 0, 10, 217 ],
  [ 59, 64, 71, 76, 0, 0, 0, 10, 217 ],
  [ 59, 64, 71, 75, 0, 0, 0, 10, 218 ],
  [ 59, 64, 71, 76, 0, 0, 0, 10, 217 ],
  [ 59, 64, 71, 75, 0, 0, 0, 10, 217 ],
  [ 59, 64, 71, 76, 0, 0, 0, 10, 218 ],
  [ 59, 64, 71, 75, 0, 0, 10, 0, 217 ],
  [ 59, 64, 71, 74, 0, 0, 0, 10, 218 ],
  [ 59, 63, 72, 75, 0, 0, 10, 0, 217 ],
  [ 59, 62, 69, 75, 0, 0, 10, 0, 652 ],
  [ 59, 62, 69, 75, 0, 0, 0, 0, 217 ],
  [ 52, 61, 69, 75, 10, 0, 0, 0, 218 ],
  [ 52, 57, 69, 75, 0, 10, 0, 0, 217 ],
  [ 52, 60, 69, 75, 0, 10, 0, 0, 218 ],
  [ 52, 64, 71, 75, 0, 10, 0, 0, 217 ],
  [ 52, 62, 69, 75, 0, 0, 10, 0, 217 ],
  [ 52, 62, 71, 75, 0, 0, 10, 0, 653 ],
  [ 52, 62, 71, 75, 0, 0, 0, 0, 218 ],
  [ 52, 62, 71, 75, 10, 0, 0, 0, 217 ],
  [ 56, 62, 71, 75, 10, 0, 0, 0, 218 ],
  [ 56, 64, 71, 75, 0, 10, 0, 0, 217 ],
  [ 56, 61, 68, 75, 0, 0, 10, 0, 217 ],
  [ 56, 61, 71, 75, 0, 0, 10, 0, 218 ],
  [ 56, 61, 72, 75, 0, 0, 10, 0, 652 ],
  [ 56, 61, 72, 75, 0, 0, 0, 0, 217 ],
  [ 52, 60, 72, 75, 10, 0, 0, 0, 218 ],
  [ 52, 57, 72, 75, 0, 10, 0, 0, 217 ],
  [ 52, 64, 72, 75, 0, 10, 0, 0, 217 ],
  [ 52, 64, 72, 76, 0, 0, 0, 10, 218 ],
  [ 52, 64, 72, 75, 0, 0, 0, 10, 217 ],
  [ 52, 64, 72, 76, 0, 0, 0, 10, 217 ],
  [ 52, 64, 72, 75, 0, 0, 0, 10, 218 ],
  [ 52, 64, 72, 76, 0, 0, 0, 10, 217 ],
  [ 52, 64, 71, 75, 0, 0, 10, 0, 218 ],
  [ 52, 64, 71, 74, 0, 0, 0, 10, 217 ],
  [ 52, 63, 72, 75, 0, 0, 10, 0, 217 ],
  [ 52, 62, 69, 75, 0, 0, 10, 0, 653 ],
  [ 52, 62, 69, 75, 0, 0, 0, 0, 218 ],
  [ 52, 61, 69, 75, 10, 0, 0, 0, 217 ],
  [ 52, 57, 69, 75, 0, 10, 0, 0, 218 ],
  [ 52, 60, 69, 75, 0, 10, 0, 0, 217 ],
  [ 52, 64, 71, 75, 0, 10, 0, 0, 217 ],
  [ 52, 62, 69, 75, 0, 0, 10, 0, 218 ],
  [ 52, 62, 71, 75, 0, 0, 10, 0, 652 ],
  [ 52, 62, 71, 75, 0, 0, 0, 0, 217 ],
  [ 52, 62, 71, 75, 10, 0, 0, 0, 218 ],
  [ 56, 62, 71, 75, 10, 0, 0, 0, 217 ],
  [ 56, 64, 71, 75, 0, 10, 0, 0, 217 ],
  [ 56, 64, 72, 75, 0, 0, 10, 0, 218 ],
  [ 56, 63, 71, 75, 0, 0, 10, 0, 217 ],
  [ 56, 62, 69, 75, 0, 0, 10, 0, 652 ],
  [ 56, 62, 69, 75, 0, 0, 0, 0, 218 ],
  [ 52, 61, 69, 75, 10, 0, 0, 0, 217 ],
  [ 52, 57, 69, 75, 0, 10, 0, 0, 217 ],
  [ 52, 57, 69, 76, 0, 0, 0, 10, 217 ],
  [ 52, 57, 69, 75, 0, 0, 0, 10, 217 ],
  [ 52, 57, 69, 76, 0, 0, 0, 10, 218 ],
  [ 52, 57, 69, 75, 0, 0, 0, 10, 217 ],
  [ 52, 57, 70, 76, 0, 0, 0, 10, 218 ],
  [ 52, 57, 71, 75, 0, 0, 10, 0, 217 ],
  [ 52, 57, 71, 74, 0, 0, 0, 10, 217 ],
  [ 52, 57, 72, 75, 0, 0, 10, 0, 218 ],
  [ 52, 57, 69, 75, 0, 0, 10, 0, 652 ],
  [ 52, 57, 69, 75, 0, 0, 0, 0, 217 ],
  [ 52, 57, 69, 75, 10, 0, 0, 0, 218 ],
  [ 52, 57, 69, 75, 0, 10, 0, 0, 217 ],
  [ 52, 60, 69, 75, 0, 10, 0, 0, 217 ],
  [ 52, 64, 71, 75, 0, 10, 0, 0, 218 ],
  [ 52, 62, 69, 75, 0, 0, 10, 0, 217 ],
  [ 52, 62, 71, 75, 0, 0, 10, 0, 652 ],
  [ 52, 62, 71, 75, 0, 0, 0, 0, 218 ],
  [ 52, 62, 71, 75, 10, 0, 0, 0, 217 ],
  [ 56, 62, 71, 75, 10, 0, 0, 0, 217 ],
  [ 56, 64, 71, 75, 0, 10, 0, 0, 218 ],
  [ 56, 61, 68, 75, 0, 0, 10, 0, 217 ],
  [ 56, 61, 71, 75, 0, 0, 10, 0, 218 ],
  [ 56, 61, 72, 75, 0, 0, 10, 0, 434 ],
  [ 56, 61, 72, 75, 0, 0, 0, 0, 217 ],
  [ 52, 60, 72, 75, 10, 0, 0, 0, 217 ],
  [ 52, 57, 72, 75, 0, 10, 0, 0, 218 ],
  [ 52, 64, 72, 75, 0, 10, 0, 0, 217 ],
  [ 52, 64, 72, 76, 0, 0, 0, 10, 217 ],
  [ 52, 64, 72, 75, 0, 0, 0, 10, 218 ],
  [ 52, 64, 72, 76, 0, 0, 0, 10, 217 ],
  [ 52, 64, 72, 75, 0, 0, 0, 10, 218 ],
  [ 52, 64, 72, 76, 0, 0, 0, 10, 217 ],
  [ 52, 64, 71, 75, 0, 0, 10, 0, 217 ],
  [ 52, 64, 71, 74, 0, 0, 0, 10, 218 ],
  [ 52, 63, 72, 75, 0, 0, 10, 0, 217 ],
  [ 52, 62, 69, 75, 0, 0, 10, 0, 435 ],
  [ 52, 62, 69, 75, 0, 0, 0, 0, 218 ],
  [ 52, 61, 69, 75, 10, 0, 0, 0, 217 ],
  [ 52, 57, 69, 75, 0, 10, 0, 0, 217 ],
  [ 52, 60, 69, 75, 0, 10, 0, 0, 218 ],
  [ 52, 64, 71, 75, 0, 10, 0, 0, 217 ],
  [ 52, 62, 69, 75, 0, 0, 10, 0, 218 ],
  [ 52, 62, 71, 75, 0, 0, 10, 0, 434 ],
  [ 52, 62, 71, 75, 0, 0, 0, 0, 217 ],
  [ 52, 62, 71, 75, 10, 0, 0, 0, 217 ],
  [ 56, 62, 71, 75, 10, 0, 0, 0, 218 ],
  [ 56, 64, 71, 75, 0, 10, 0, 0, 217 ],
  [ 56, 64, 72, 75, 0, 0, 10, 0, 218 ],
  [ 56, 63, 71, 75, 0, 0, 10, 0, 217 ],
  [ 56, 62, 69, 75, 0, 0, 10, 0, 435 ],
  [ 56, 62, 69, 75, 0, 0, 0, 0, 217 ],
  [ 52, 61, 69, 75, 10, 0, 0, 0, 218 ],
  [ 52, 57, 69, 75, 0, 10, 0, 0, 217 ],
  [ 52, 57, 71, 75, 0, 0, 10, 0, 217 ],
  [ 52, 57, 72, 75, 0, 0, 10, 0, 218 ],
  [ 52, 57, 71, 74, 0, 0, 0, 10, 217 ],
  [ 51, 57, 71, 76, 0, 0, 0, 10, 652 ],
  [ 48, 56, 71, 76, 10, 0, 0, 0, 218 ],
  [ 48, 55, 71, 76, 0, 10, 0, 0, 217 ],
  [ 48, 60, 70, 76, 0, 10, 0, 0, 217 ],
  [ 48, 60, 67, 76, 0, 0, 10, 0, 218 ],
  [ 48, 60, 67, 77, 0, 0, 0, 10, 217 ],
  [ 48, 60, 67, 76, 0, 0, 0, 10, 218 ],
  [ 48, 60, 67, 74, 0, 0, 0, 10, 652 ],
  [ 48, 60, 67, 74, 0, 0, 0, 0, 217 ],
  [ 48, 55, 67, 74, 0, 10, 0, 0, 217 ],
  [ 48, 59, 66, 74, 0, 10, 0, 0, 218 ],
  [ 48, 58, 65, 75, 0, 0, 10, 0, 217 ],
  [ 48, 58, 65, 76, 0, 0, 0, 10, 218 ],
  [ 48, 58, 65, 74, 0, 0, 0, 10, 217 ],
  [ 48, 58, 65, 72, 0, 0, 0, 10, 652 ],
  [ 48, 58, 65, 72, 0, 0, 0, 0, 217 ],
  [ 52, 58, 65, 72, 10, 0, 0, 0, 218 ],
  [ 52, 57, 65, 72, 0, 10, 0, 0, 217 ],
  [ 52, 57, 64, 73, 0, 0, 10, 0, 218 ],
  [ 52, 57, 64, 74, 0, 0, 0, 10, 217 ],
  [ 52, 57, 64, 72, 0, 0, 0, 10, 217 ],
  [ 52, 57, 64, 71, 0, 0, 0, 10, 435 ],
  [ 52, 57, 64, 71, 0, 0, 0, 0, 218 ],
  [ 52, 57, 64, 71, 10, 0, 0, 0, 217 ],
  [ 52, 57, 64, 71, 0, 0, 10, 0, 217 ],
  [ 52, 57, 64, 72, 0, 0, 10, 0, 218 ],
  [ 52, 57, 64, 76, 0, 0, 0, 10, 217 ],
  [ 52, 57, 64, 76, 0, 0, 10, 0, 218 ],
  [ 52, 57, 64, 76, 0, 0, 0, 10, 217 ],
  [ 52, 57, 64, 76, 0, 0, 0, 10, 217 ],
  [ 52, 57, 65, 88, 0, 0, 0, 10, 218 ],
  [ 52, 57, 75, 88, 0, 0, 10, 0, 217 ],
  [ 52, 57, 76, 88, 0, 0, 10, 0, 218 ],
  [ 52, 57, 75, 88, 0, 0, 10, 0, 217 ],
  [ 52, 57, 76, 88, 0, 0, 10, 0, 217 ],
  [ 52, 57, 75, 88, 0, 0, 10, 0, 218 ],
  [ 52, 57, 76, 88, 0, 0, 10, 0, 217 ],
  [ 52, 57, 71, 88, 0, 0, 10, 0, 218 ],
  [ 52, 57, 74, 88, 0, 0, 10, 0, 217 ],
  [ 52, 57, 72, 88, 0, 0, 10, 0, 217 ],
  [ 52, 57, 69, 88, 0, 0, 10, 0, 435 ],
  [ 52, 57, 69, 88, 0, 0, 0, 0, 218 ],
  [ 52, 57, 69, 88, 10, 0, 0, 0, 217 ],
  [ 52, 57, 69, 88, 0, 10, 0, 0, 218 ],
  [ 52, 60, 69, 88, 0, 10, 0, 0, 217 ],
  [ 52, 64, 71, 88, 0, 10, 0, 0, 217 ],
  [ 52, 62, 69, 88, 0, 0, 10, 0, 218 ],
  [ 52, 62, 71, 88, 0, 0, 10, 0, 434 ],
  [ 52, 62, 71, 88, 0, 0, 0, 0, 217 ],
  [ 52, 62, 71, 88, 10, 0, 0, 0, 217 ],
  [ 56, 62, 71, 88, 10, 0, 0, 0, 218 ],
  [ 56, 64, 71, 88, 0, 10, 0, 0, 217 ],
  [ 56, 61, 68, 88, 0, 0, 10, 0, 218 ],
  [ 56, 61, 71, 88, 0, 0, 10, 0, 217 ],
  [ 56, 61, 72, 88, 0, 0, 10, 0, 435 ],
  [ 56, 61, 72, 88, 0, 0, 0, 0, 217 ],
  [ 52, 60, 72, 88, 10, 0, 0, 0, 218 ],
  [ 52, 57, 72, 88, 0, 10, 0, 0, 217 ],
  [ 52, 64, 72, 88, 0, 10, 0, 0, 218 ],
  [ 52, 64, 76, 88, 0, 0, 10, 0, 217 ],
  [ 52, 64, 75, 88, 0, 0, 10, 0, 217 ],
  [ 52, 64, 76, 88, 0, 0, 10, 0, 218 ],
  [ 52, 64, 75, 88, 0, 0, 10, 0, 217 ],
  [ 52, 64, 76, 88, 0, 0, 10, 0, 218 ],
  [ 52, 64, 71, 88, 0, 0, 10, 0, 217 ],
  [ 52, 64, 74, 88, 0, 0, 10, 0, 217 ],
  [ 52, 63, 72, 88, 0, 0, 10, 0, 218 ],
  [ 52, 62, 69, 88, 0, 0, 10, 0, 435 ],
  [ 52, 62, 69, 88, 0, 0, 0, 0, 217 ],
  [ 52, 61, 69, 88, 10, 0, 0, 0, 218 ],
  [ 52, 57, 69, 88, 0, 10, 0, 0, 217 ],
  [ 52, 60, 69, 88, 0, 10, 0, 0, 217 ],
  [ 52, 64, 71, 88, 0, 10, 0, 0, 218 ],
  [ 52, 62, 69, 88, 0, 0, 10, 0, 217 ],
  [ 52, 62, 71, 88, 0, 0, 10, 0, 435 ],
  [ 52, 62, 71, 88, 0, 0, 0, 0, 217 ],
  [ 52, 62, 71, 88, 10, 0, 0, 0, 218 ],
  [ 56, 62, 71, 88, 10, 0, 0, 0, 217 ],
  [ 56, 64, 71, 88, 0, 10, 0, 0, 218 ],
  [ 56, 64, 72, 88, 0, 0, 10, 0, 217 ],
  [ 56, 64, 71, 88, 0, 0, 10, 0, 217 ],
  [ 56, 64, 71, 88, 0, 0, 0, 0, 109 ],
  [ 56, 62, 69, 88, 0, 0, 10, 0, 435 ],
  [ 56, 62, 69, 88, 0, 0, 0, 0, 109 ],
  [ 56, 62, 69, 88, 0, 0, 0, 0, 109 ],
  [ 56, 62, 69, 88, 0, 0, 0, 0, 108 ],
  [ 56, 62, 69, 88, 0, 0, 0, 0, 109 ],
  [ 56, 62, 69, 88, 0, 0, 0, 0, 109 ],
  [ 56, 62, 69, 88, 0, 0, 0, 0, 108 ],
  [ 56, 64, 71, 88, 0, 10, 0, 0, 1304 ],
  [ 56, 67, 74, 88, 0, 10, 0, 0, 1304 ],
  [ 56, 70, 77, 88, 0, 10, 0, 0, 1304 ],
  [ 56, 73, 80, 88, 0, 10, 0, 0, 1304 ],
  [ 56, 73, 80, 88, 0, 0, 0, 0, 109 ],
  [ 56, 73, 80, 88, 0, 0, 0, 0, 108 ],
  [ 56, 73, 80, 88, 0, 0, 0, 0, 109 ],
  [ 56, 73, 80, 88, 0, 0, 0, 0, 109 ],
  [ 56, 73, 80, 88, 0, 0, 0, 0, 108 ],
  [ 56, 73, 80, 88, 0, 0, 0, 0, 109 ],
  [ 57, 74, 81, 88, 0, 10, 0, 0, 870 ],
  [ 65, 74, 81, 88, 10, 0, 0, 0, 870 ],
  [ 69, 74, 81, 88, 10, 0, 0, 0, 870 ],
  [ 69, 74, 81, 88, 0, 0, 0, 0, 108 ],
  [ 69, 74, 81, 88, 0, 0, 0, 0, 109 ],
  [ 69, 74, 81, 88, 0, 0, 0, 0, 109 ],
  [ 69, 74, 81, 88, 0, 0, 0, 0, 108 ],
  [ 69, 73, 81, 88, 0, 10, 0, 0, 217 ],
  [ 69, 76, 83, 88, 0, 10, 0, 0, 217 ],
  [ 69, 76, 83, 88, 0, 0, 0, 0, 109 ],
  [ 69, 74, 83, 88, 0, 10, 0, 0, 217 ],
  [ 69, 77, 84, 88, 0, 10, 0, 0, 217 ],
  [ 69, 77, 84, 88, 0, 0, 0, 0, 109 ],
  [ 69, 77, 84, 88, 0, 10, 0, 0, 870 ],
  [ 69, 74, 84, 88, 0, 10, 0, 0, 870 ],
  [ 68, 74, 84, 88, 10, 0, 0, 0, 870 ],
  [ 68, 74, 84, 88, 0, 0, 0, 0, 109 ],
  [ 68, 74, 84, 88, 0, 0, 0, 0, 109 ],
  [ 68, 74, 84, 88, 0, 0, 0, 0, 108 ],
  [ 68, 74, 84, 88, 0, 0, 0, 0, 109 ],
  [ 68, 77, 84, 88, 0, 10, 0, 0, 435 ],
  [ 68, 74, 84, 88, 0, 10, 0, 0, 435 ],
  [ 68, 74, 84, 88, 10, 0, 0, 0, 435 ],
  [ 68, 74, 84, 88, 0, 0, 0, 0, 109 ],
  [ 68, 74, 84, 88, 0, 0, 0, 0, 109 ],
  [ 69, 73, 84, 88, 10, 0, 0, 0, 1304 ],
  [ 69, 72, 84, 88, 0, 10, 0, 0, 1304 ],
  [ 69, 76, 84, 88, 0, 10, 0, 0, 1304 ],
  [ 69, 76, 84, 88, 0, 0, 0, 0, 109 ],
  [ 69, 76, 84, 88, 0, 0, 0, 0, 108 ],
  [ 69, 76, 84, 88, 0, 0, 0, 0, 109 ],
  [ 69, 76, 84, 88, 0, 0, 0, 0, 109 ],
  [ 69, 76, 84, 88, 0, 0, 0, 0, 108 ],
  [ 69, 76, 84, 88, 0, 0, 0, 0, 109 ],
  [ 69, 76, 84, 88, 0, 0, 0, 0, 109 ],
  [ 68, 74, 84, 88, 0, 10, 0, 0, 870 ],
  [ 65, 74, 84, 88, 10, 0, 0, 0, 870 ],
  [ 65, 74, 84, 88, 0, 0, 0, 0, 108 ],
  [ 65, 74, 84, 88, 0, 0, 0, 0, 108 ],
  [ 65, 74, 84, 88, 0, 0, 0, 0, 109 ],
  [ 65, 74, 84, 88, 0, 0, 0, 0, 109 ],
  [ 65, 74, 84, 88, 0, 0, 0, 0, 109 ],
  [ 65, 74, 84, 88, 0, 0, 0, 0, 109 ],
  [ 65, 74, 84, 88, 0, 0, 0, 0, 108 ],
  [ 65, 74, 84, 88, 0, 0, 0, 0, 108 ],
  [ 65, 72, 84, 88, 0, 10, 0, 0, 217 ],
  [ 64, 72, 84, 88, 10, 0, 0, 0, 217 ],
  [ 64, 72, 84, 88, 0, 0, 0, 0, 109 ],
  [ 64, 72, 84, 88, 0, 0, 0, 0, 109 ],
  [ 63, 71, 84, 88, 0, 10, 0, 0, 218 ],
  [ 62, 71, 84, 88, 10, 0, 0, 0, 218 ],
  [ 62, 71, 84, 88, 0, 0, 0, 0, 108 ],
  [ 62, 71, 84, 88, 0, 0, 0, 0, 108 ],
  [ 60, 70, 84, 88, 10, 0, 0, 0, 869 ],
  [ 60, 66, 84, 88, 0, 10, 0, 0, 869 ],
  [ 60, 69, 84, 88, 0, 10, 0, 0, 869 ],
  [ 60, 69, 84, 88, 0, 0, 0, 0, 109 ],
  [ 60, 69, 84, 88, 0, 0, 0, 0, 54 ],
  [ 60, 69, 84, 88, 0, 0, 0, 0, 109 ],
  [ 60, 69, 84, 88, 0, 0, 0, 0, 55 ],
  [ 60, 69, 84, 88, 0, 0, 0, 0, 108 ],
  [ 60, 69, 84, 88, 0, 0, 0, 0, 13 ],
  [ 60, 69, 84, 88, 0, 0, 0, 0, 109 ],
  [ 60, 69, 84, 88, 10, 0, 0, 0, 435 ],
  [ 60, 69, 84, 88, 0, 10, 0, 0, 435 ],
  [ 60, 69, 84, 88, 0, 0, 0, 0, 54 ],
  [ 60, 69, 84, 88, 0, 0, 0, 0, 109 ],
  [ 60, 69, 84, 88, 0, 0, 0, 0, 55 ],
  [ 60, 69, 84, 88, 0, 0, 0, 0, 109 ],
  [ 60, 69, 84, 88, 0, 0, 0, 0, 109 ],
  [ 60, 69, 84, 88, 0, 10, 0, 0, 435 ],
  [ 60, 69, 84, 88, 10, 0, 0, 0, 435 ],
  [ 60, 69, 84, 88, 0, 0, 0, 0, 109 ],
  [ 60, 69, 84, 88, 0, 0, 0, 0, 109 ],
  [ 60, 69, 84, 88, 0, 0, 0, 0, 108 ],
  [ 60, 69, 84, 88, 0, 0, 0, 0, 108 ],
  [ 60, 72, 84, 88, 0, 10, 0, 0, 434 ],
  [ 64, 72, 84, 88, 10, 0, 0, 0, 434 ],
  [ 64, 72, 84, 88, 0, 0, 0, 0, 109 ],
  [ 64, 72, 84, 88, 0, 0, 0, 0, 109 ],
  [ 64, 72, 84, 88, 0, 0, 0, 0, 109 ],
  [ 64, 72, 84, 88, 0, 0, 0, 0, 109 ],
  [ 63, 71, 84, 88, 0, 10, 0, 0, 435 ],
  [ 62, 71, 84, 88, 10, 0, 0, 0, 435 ],
  [ 62, 71, 84, 88, 0, 0, 0, 0, 109 ],
  [ 62, 71, 84, 88, 0, 0, 0, 0, 109 ],
  [ 62, 71, 84, 88, 0, 0, 0, 0, 109 ],
  [ 62, 71, 84, 88, 0, 0, 0, 0, 109 ],
  [ 61, 69, 84, 88, 0, 10, 0, 0, 1305 ],
  [ 60, 69, 84, 88, 10, 0, 0, 0, 1305 ],
  [ 60, 69, 84, 88, 0, 0, 0, 0, 108 ],
  [ 60, 69, 84, 88, 0, 0, 0, 0, 109 ],
  [ 60, 69, 84, 88, 0, 0, 0, 0, 109 ],
  [ 60, 69, 84, 88, 0, 0, 0, 0, 108 ],
  [ 60, 69, 84, 88, 0, 0, 0, 0, 109 ],
  [ 60, 69, 84, 88, 0, 0, 0, 0, 108 ],
  [ 64, 68, 84, 88, 10, 0, 0, 0, 1304 ],
  [ 64, 67, 84, 88, 0, 10, 0, 0, 1304 ],
  [ 64, 70, 84, 88, 0, 10, 0, 0, 1304 ],
  [ 64, 73, 84, 88, 0, 10, 0, 0, 1304 ],
  [ 64, 73, 84, 88, 0, 0, 0, 0, 109 ],
  [ 64, 73, 84, 88, 0, 0, 0, 0, 109 ],
  [ 64, 73, 84, 88, 0, 0, 0, 0, 108 ],
  [ 64, 73, 84, 88, 0, 0, 0, 0, 109 ],
  [ 64, 73, 84, 88, 0, 0, 0, 0, 108 ],
  [ 64, 73, 84, 88, 0, 0, 0, 0, 109 ],
  [ 64, 74, 84, 88, 0, 10, 0, 0, 869 ],
  [ 64, 69, 84, 88, 0, 10, 0, 0, 869 ],
  [ 65, 69, 84, 88, 10, 0, 0, 0, 869 ],
  [ 65, 69, 84, 88, 0, 0, 0, 0, 109 ],
  [ 65, 69, 84, 88, 0, 0, 0, 0, 108 ],
  [ 65, 69, 84, 88, 0, 0, 0, 0, 109 ],
  [ 65, 69, 84, 88, 0, 0, 0, 0, 109 ],
  [ 65, 73, 84, 88, 0, 10, 0, 0, 218 ],
  [ 65, 76, 84, 88, 0, 10, 0, 0, 218 ],
  [ 65, 76, 84, 88, 0, 0, 0, 0, 109 ],
  [ 65, 74, 84, 88, 0, 10, 0, 0, 217 ],
  [ 65, 77, 84, 88, 0, 10, 0, 0, 217 ],
  [ 65, 77, 84, 88, 0, 0, 0, 0, 109 ],
  [ 65, 74, 84, 88, 0, 10, 0, 0, 870 ],
  [ 65, 77, 84, 88, 0, 10, 0, 0, 870 ],
  [ 65, 77, 84, 88, 0, 0, 0, 0, 108 ],
  [ 65, 77, 84, 88, 0, 0, 0, 0, 109 ],
  [ 65, 77, 84, 88, 0, 0, 0, 0, 109 ],
  [ 65, 77, 84, 88, 0, 0, 0, 0, 109 ],
  [ 65, 74, 84, 88, 0, 10, 0, 0, 435 ],
  [ 65, 77, 84, 88, 0, 10, 0, 0, 435 ],
  [ 65, 77, 84, 88, 0, 0, 0, 0, 109 ],
  [ 65, 77, 84, 88, 0, 0, 0, 0, 108 ],
  [ 65, 77, 84, 88, 0, 10, 0, 0, 1304 ],
  [ 65, 74, 84, 88, 0, 10, 0, 0, 1304 ],
  [ 65, 74, 84, 88, 0, 0, 0, 0, 109 ],
  [ 65, 74, 84, 88, 0, 0, 0, 0, 109 ],
  [ 65, 74, 84, 88, 0, 0, 0, 0, 108 ],
  [ 65, 74, 84, 88, 0, 0, 0, 0, 109 ],
  [ 65, 74, 84, 88, 0, 0, 0, 0, 108 ],
  [ 65, 74, 84, 88, 0, 0, 0, 0, 109 ],
  [ 65, 75, 84, 88, 0, 10, 0, 0, 870 ],
  [ 67, 75, 84, 88, 10, 0, 0, 0, 870 ],
  [ 67, 75, 84, 88, 0, 0, 0, 0, 109 ],
  [ 67, 75, 84, 88, 0, 0, 0, 0, 108 ],
  [ 67, 75, 84, 88, 0, 0, 0, 0, 109 ],
  [ 67, 75, 84, 88, 0, 0, 0, 0, 108 ],
  [ 66, 74, 84, 88, 0, 10, 0, 0, 217 ],
  [ 65, 74, 84, 88, 10, 0, 0, 0, 217 ],
  [ 65, 74, 84, 88, 0, 0, 0, 0, 109 ],
  [ 64, 72, 84, 88, 0, 10, 0, 0, 217 ],
  [ 63, 72, 84, 88, 10, 0, 0, 0, 217 ],
  [ 63, 72, 84, 88, 0, 0, 0, 0, 109 ],
  [ 63, 70, 84, 88, 0, 10, 0, 0, 870 ],
  [ 65, 70, 84, 88, 10, 0, 0, 0, 870 ],
  [ 62, 70, 84, 88, 10, 0, 0, 0, 870 ],
  [ 62, 70, 84, 88, 0, 0, 0, 0, 108 ],
  [ 62, 70, 84, 88, 0, 0, 0, 0, 109 ],
  [ 62, 70, 84, 88, 0, 0, 0, 0, 109 ],
  [ 62, 70, 84, 88, 0, 0, 0, 0, 109 ],
  [ 62, 70, 84, 88, 10, 0, 0, 0, 435 ],
  [ 65, 70, 84, 88, 10, 0, 0, 0, 435 ],
  [ 65, 69, 84, 88, 0, 10, 0, 0, 435 ],
  [ 65, 69, 84, 88, 0, 0, 0, 0, 109 ],
  [ 65, 69, 84, 88, 0, 0, 0, 0, 217 ],
  [ 62, 69, 84, 88, 10, 0, 0, 0, 869 ],
  [ 65, 69, 84, 88, 10, 0, 0, 0, 869 ],
  [ 65, 68, 84, 88, 0, 10, 0, 0, 869 ],
  [ 65, 68, 84, 88, 0, 0, 0, 0, 217 ],
  [ 65, 68, 84, 88, 0, 0, 0, 0, 218 ],
  [ 65, 68, 84, 88, 0, 0, 0, 0, 217 ],
  [ 65, 68, 84, 88, 0, 0, 0, 0, 218 ],
  [ 62, 67, 84, 88, 10, 0, 0, 0, 435 ],
  [ 62, 65, 84, 88, 0, 10, 0, 0, 435 ],
  [ 62, 68, 84, 88, 0, 10, 0, 0, 435 ],
  [ 62, 68, 84, 88, 0, 0, 0, 0, 217 ],
  [ 60, 67, 84, 88, 10, 0, 0, 0, 870 ],
  [ 60, 64, 84, 88, 0, 10, 0, 0, 870 ],
  [ 59, 69, 84, 88, 0, 10, 0, 0, 870 ],
  [ 48, 69, 84, 88, 10, 0, 0, 0, 870 ],
  [ 48, 71, 84, 88, 0, 10, 0, 0, 218 ],
  [ 48, 64, 84, 88, 0, 10, 0, 0, 218 ],
  [ 48, 65, 84, 88, 0, 10, 0, 0, 218 ],
  [ 52, 65, 84, 88, 10, 0, 0, 0, 218 ],
  [ 56, 65, 84, 88, 10, 0, 0, 0, 218 ],
  [ 60, 65, 84, 88, 10, 0, 0, 0, 145 ],
  [ 60, 65, 84, 88, 10, 0, 0, 0, 145 ],
  [ 60, 64, 84, 88, 0, 10, 0, 0, 144 ],
  [ 60, 69, 84, 88, 0, 10, 0, 0, 145 ],
  [ 60, 72, 84, 88, 0, 10, 0, 0, 145 ],
  [ 60, 76, 84, 88, 0, 10, 0, 0, 145 ],
  [ 59, 74, 84, 88, 0, 10, 0, 0, 145 ],
  [ 57, 74, 84, 88, 10, 0, 0, 0, 435 ],
  [ 60, 74, 84, 88, 10, 0, 0, 0, 435 ],
  [ 64, 73, 84, 88, 10, 0, 0, 0, 435 ],
  [ 64, 72, 84, 88, 0, 10, 0, 0, 145 ],
  [ 64, 71, 84, 88, 0, 10, 0, 0, 145 ],
  [ 64, 69, 84, 88, 0, 10, 0, 0, 145 ],
  [ 64, 69, 84, 88, 10, 0, 0, 0, 435 ],
  [ 60, 69, 84, 88, 10, 0, 0, 0, 435 ],
  [ 57, 69, 84, 88, 10, 0, 0, 0, 435 ],
  [ 57, 72, 84, 88, 0, 10, 0, 0, 145 ],
  [ 57, 76, 83, 88, 0, 10, 0, 0, 145 ],
  [ 57, 74, 81, 88, 0, 0, 10, 0, 145 ],
  [ 57, 74, 84, 88, 0, 0, 10, 0, 145 ],
  [ 57, 74, 85, 88, 0, 0, 0, 10, 145 ],
  [ 58, 74, 86, 89, 0, 0, 10, 0, 145 ],
  [ 64, 74, 86, 89, 10, 0, 0, 0, 434 ],
  [ 60, 74, 86, 89, 10, 0, 0, 0, 434 ],
  [ 57, 74, 85, 89, 10, 0, 0, 0, 434 ],
  [ 57, 74, 84, 89, 0, 0, 10, 0, 144 ],
  [ 57, 74, 83, 89, 0, 0, 10, 0, 145 ],
  [ 57, 74, 81, 89, 0, 0, 10, 0, 145 ],
  [ 64, 74, 81, 89, 10, 0, 0, 0, 435 ],
  [ 60, 74, 81, 89, 10, 0, 0, 0, 435 ],
  [ 57, 74, 82, 89, 10, 0, 0, 0, 435 ],
  [ 57, 74, 84, 89, 0, 0, 10, 0, 145 ],
  [ 57, 74, 84, 88, 0, 0, 0, 10, 145 ],
  [ 57, 74, 84, 93, 0, 0, 0, 10, 145 ],
  [ 57, 74, 84, 93, 0, 0, 0, 0, 145 ],
  [ 57, 74, 84, 93, 0, 0, 0, 0, 145 ],
  [ 57, 74, 84, 93, 0, 0, 0, 0, 145 ],
  [ 57, 74, 84, 93, 10, 0, 0, 0, 435 ],
  [ 60, 74, 84, 93, 10, 0, 0, 0, 435 ],
  [ 64, 74, 84, 93, 10, 0, 0, 0, 435 ],
  [ 64, 74, 84, 93, 0, 0, 0, 0, 145 ],
  [ 64, 74, 84, 95, 0, 0, 0, 10, 145 ],
  [ 64, 74, 84, 94, 0, 0, 0, 10, 145 ],
  [ 64, 74, 84, 94, 10, 0, 0, 0, 435 ],
  [ 60, 74, 84, 94, 10, 0, 0, 0, 435 ],
  [ 57, 74, 84, 94, 10, 0, 0, 0, 435 ],
  [ 57, 74, 84, 93, 0, 0, 0, 10, 145 ],
  [ 57, 74, 84, 92, 0, 0, 0, 10, 145 ],
  [ 57, 74, 84, 91, 0, 0, 0, 10, 144 ],
  [ 57, 74, 84, 90, 0, 0, 0, 10, 145 ],
  [ 57, 74, 84, 89, 0, 0, 0, 10, 145 ],
  [ 57, 74, 84, 88, 0, 0, 0, 10, 145 ],
  [ 57, 74, 84, 87, 0, 0, 0, 10, 145 ],
  [ 57, 74, 83, 86, 0, 0, 0, 10, 145 ],
  [ 57, 74, 82, 85, 0, 0, 0, 10, 145 ],
  [ 57, 74, 81, 84, 0, 0, 0, 10, 145 ],
  [ 57, 73, 80, 83, 0, 0, 0, 10, 145 ],
  [ 57, 72, 79, 82, 0, 0, 0, 10, 145 ],
  [ 57, 71, 78, 81, 0, 0, 0, 10, 145 ],
  [ 57, 70, 77, 80, 0, 0, 0, 10, 145 ],
  [ 57, 69, 76, 79, 0, 0, 0, 10, 145 ],
  [ 57, 68, 75, 78, 0, 0, 0, 10, 144 ],
  [ 57, 67, 74, 77, 0, 0, 0, 10, 145 ],
  [ 57, 66, 73, 76, 0, 0, 0, 10, 218 ],
  [ 57, 65, 72, 75, 0, 0, 0, 10, 217 ],
  [ 57, 65, 72, 76, 0, 0, 0, 10, 218 ],
  [ 57, 64, 71, 75, 0, 0, 10, 0, 217 ],
  [ 57, 64, 71, 74, 0, 0, 0, 10, 217 ],
  [ 57, 63, 72, 75, 0, 0, 10, 0, 218 ],
  [ 57, 62, 69, 75, 0, 0, 10, 0, 435 ],
  [ 57, 62, 69, 75, 0, 0, 0, 0, 217 ],
  [ 52, 61, 69, 75, 10, 0, 0, 0, 218 ],
  [ 52, 57, 69, 75, 0, 10, 0, 0, 217 ],
  [ 52, 60, 69, 75, 0, 10, 0, 0, 217 ],
  [ 52, 64, 71, 75, 0, 10, 0, 0, 218 ],
  [ 52, 62, 69, 75, 0, 0, 10, 0, 217 ],
  [ 52, 62, 71, 75, 0, 0, 10, 0, 435 ],
  [ 52, 62, 71, 75, 0, 0, 0, 0, 218 ],
  [ 52, 62, 71, 75, 10, 0, 0, 0, 217 ],
  [ 56, 62, 71, 75, 10, 0, 0, 0, 217 ],
  [ 56, 64, 71, 75, 0, 10, 0, 0, 218 ],
  [ 56, 61, 68, 75, 0, 0, 10, 0, 217 ],
  [ 56, 61, 71, 75, 0, 0, 10, 0, 217 ],
  [ 56, 61, 72, 75, 0, 0, 10, 0, 435 ],
  [ 56, 61, 72, 75, 0, 0, 0, 0, 218 ],
  [ 52, 60, 72, 75, 10, 0, 0, 0, 217 ],
  [ 52, 57, 72, 75, 0, 10, 0, 0, 218 ],
  [ 52, 64, 72, 75, 0, 10, 0, 0, 217 ],
  [ 52, 64, 72, 76, 0, 0, 0, 10, 217 ],
  [ 52, 64, 72, 75, 0, 0, 0, 10, 218 ],
  [ 52, 64, 72, 76, 0, 0, 0, 10, 217 ],
  [ 52, 64, 72, 75, 0, 0, 0, 10, 218 ],
  [ 52, 64, 72, 76, 0, 0, 0, 10, 217 ],
  [ 52, 64, 71, 75, 0, 0, 10, 0, 217 ],
  [ 52, 64, 71, 74, 0, 0, 0, 10, 218 ],
  [ 52, 63, 72, 75, 0, 0, 10, 0, 217 ],
  [ 52, 62, 69, 75, 0, 0, 10, 0, 435 ],
  [ 52, 62, 69, 75, 0, 0, 0, 0, 218 ],
  [ 52, 61, 69, 75, 10, 0, 0, 0, 217 ],
  [ 52, 57, 69, 75, 0, 10, 0, 0, 217 ],
  [ 52, 60, 69, 75, 0, 10, 0, 0, 218 ],
  [ 52, 64, 71, 75, 0, 10, 0, 0, 217 ],
  [ 52, 62, 69, 75, 0, 0, 10, 0, 218 ],
  [ 52, 62, 71, 75, 0, 0, 10, 0, 434 ],
  [ 52, 62, 71, 75, 0, 0, 0, 0, 217 ],
  [ 52, 62, 71, 75, 10, 0, 0, 0, 217 ],
  [ 56, 62, 71, 75, 10, 0, 0, 0, 218 ],
  [ 56, 64, 71, 75, 0, 10, 0, 0, 217 ],
  [ 56, 64, 72, 75, 0, 0, 10, 0, 217 ],
  [ 56, 63, 71, 75, 0, 0, 10, 0, 218 ],
  [ 56, 62, 69, 75, 0, 0, 10, 0, 435 ],
  [ 56, 62, 69, 75, 0, 0, 0, 0, 217 ],
  [ 52, 61, 69, 75, 10, 0, 0, 0, 218 ],
  [ 52, 57, 69, 75, 0, 10, 0, 0, 217 ],
  [ 52, 57, 71, 75, 0, 0, 10, 0, 217 ],
  [ 52, 57, 72, 75, 0, 0, 10, 0, 218 ],
  [ 52, 57, 71, 74, 0, 0, 0, 10, 217 ],
  [ 51, 57, 71, 76, 0, 0, 0, 10, 652 ],
  [ 48, 56, 71, 76, 10, 0, 0, 0, 218 ],
  [ 48, 55, 71, 76, 0, 10, 0, 0, 217 ],
  [ 48, 60, 70, 76, 0, 10, 0, 0, 217 ],
  [ 48, 60, 67, 76, 0, 0, 10, 0, 218 ],
  [ 48, 60, 67, 77, 0, 0, 0, 10, 217 ],
  [ 48, 60, 67, 76, 0, 0, 0, 10, 218 ],
  [ 48, 60, 67, 74, 0, 0, 0, 10, 652 ],
  [ 48, 60, 67, 74, 0, 0, 0, 0, 217 ],
  [ 48, 55, 67, 74, 0, 10, 0, 0, 217 ],
  [ 48, 59, 66, 74, 0, 10, 0, 0, 218 ],
  [ 48, 58, 65, 75, 0, 0, 10, 0, 217 ],
  [ 48, 58, 65, 76, 0, 0, 0, 10, 218 ],
  [ 48, 58, 65, 74, 0, 0, 0, 10, 217 ],
  [ 48, 58, 65, 72, 0, 0, 0, 10, 652 ],
  [ 48, 58, 65, 72, 0, 0, 0, 0, 217 ],
  [ 52, 58, 65, 72, 10, 0, 0, 0, 218 ],
  [ 52, 57, 65, 72, 0, 10, 0, 0, 217 ],
  [ 52, 57, 64, 73, 0, 0, 10, 0, 217 ],
  [ 52, 57, 64, 74, 0, 0, 0, 10, 218 ],
  [ 52, 57, 64, 72, 0, 0, 0, 10, 217 ],
  [ 52, 57, 64, 71, 0, 0, 0, 10, 435 ],
  [ 52, 57, 64, 71, 0, 0, 0, 0, 218 ],
  [ 52, 57, 64, 71, 10, 0, 0, 0, 217 ],
  [ 52, 57, 64, 71, 0, 0, 10, 0, 217 ],
  [ 52, 57, 64, 72, 0, 0, 10, 0, 218 ],
  [ 52, 57, 64, 76, 0, 0, 0, 10, 217 ],
  [ 52, 57, 64, 76, 0, 0, 10, 0, 218 ],
  [ 52, 57, 64, 76, 0, 0, 0, 10, 217 ],
  [ 52, 57, 64, 76, 0, 0, 0, 10, 217 ],
  [ 52, 57, 65, 88, 0, 0, 0, 10, 218 ],
  [ 52, 57, 75, 88, 0, 0, 10, 0, 217 ],
  [ 52, 57, 76, 88, 0, 0, 10, 0, 218 ],
  [ 52, 57, 75, 88, 0, 0, 10, 0, 217 ],
  [ 52, 57, 76, 88, 0, 0, 10, 0, 217 ],
  [ 52, 57, 75, 88, 0, 0, 10, 0, 218 ],
  [ 52, 57, 76, 88, 0, 0, 10, 0, 217 ],
  [ 52, 57, 71, 88, 0, 0, 10, 0, 218 ],
  [ 52, 57, 74, 88, 0, 0, 10, 0, 217 ],
  [ 52, 57, 72, 88, 0, 0, 10, 0, 217 ],
  [ 52, 57, 69, 88, 0, 0, 10, 0, 435 ],
  [ 52, 57, 69, 88, 0, 0, 0, 0, 218 ],
  [ 52, 57, 69, 88, 10, 0, 0, 0, 217 ],
  [ 52, 57, 69, 88, 0, 10, 0, 0, 217 ],
  [ 52, 60, 69, 88, 0, 10, 0, 0, 218 ],
  [ 52, 64, 71, 88, 0, 10, 0, 0, 217 ],
  [ 52, 62, 69, 88, 0, 0, 10, 0, 218 ],
  [ 52, 62, 71, 88, 0, 0, 10, 0, 434 ],
  [ 52, 62, 71, 88, 0, 0, 0, 0, 217 ],
  [ 52, 62, 71, 88, 10, 0, 0, 0, 217 ],
  [ 56, 62, 71, 88, 10, 0, 0, 0, 218 ],
  [ 56, 64, 71, 88, 0, 10, 0, 0, 217 ],
  [ 56, 61, 68, 88, 0, 0, 10, 0, 218 ],
  [ 56, 61, 71, 88, 0, 0, 10, 0, 217 ],
  [ 56, 61, 72, 88, 0, 0, 10, 0, 435 ],
  [ 56, 61, 72, 88, 0, 0, 0, 0, 217 ],
  [ 52, 60, 72, 88, 10, 0, 0, 0, 218 ],
  [ 52, 57, 72, 88, 0, 10, 0, 0, 217 ],
  [ 52, 64, 72, 88, 0, 10, 0, 0, 218 ],
  [ 52, 64, 76, 88, 0, 0, 10, 0, 217 ],
  [ 52, 64, 75, 88, 0, 0, 10, 0, 217 ],
  [ 52, 64, 76, 88, 0, 0, 10, 0, 218 ],
  [ 52, 64, 75, 88, 0, 0, 10, 0, 217 ],
  [ 52, 64, 76, 88, 0, 0, 10, 0, 218 ],
  [ 52, 64, 71, 88, 0, 0, 10, 0, 217 ],
  [ 52, 64, 74, 88, 0, 0, 10, 0, 217 ],
  [ 52, 63, 72, 88, 0, 0, 10, 0, 218 ],
  [ 52, 62, 69, 88, 0, 0, 10, 0, 434 ],
  [ 52, 62, 69, 88, 0, 0, 0, 0, 217 ],
  [ 52, 61, 69, 88, 10, 0, 0, 0, 217 ],
  [ 52, 57, 69, 88, 0, 10, 0, 0, 218 ],
  [ 52, 60, 69, 88, 0, 10, 0, 0, 217 ],
  [ 52, 64, 71, 88, 0, 10, 0, 0, 218 ],
  [ 52, 62, 69, 88, 0, 0, 10, 0, 217 ],
  [ 52, 62, 71, 88, 0, 0, 10, 0, 435 ],
  [ 52, 62, 71, 88, 0, 0, 0, 0, 217 ],
  [ 52, 62, 71, 88, 10, 0, 0, 0, 218 ],
  [ 56, 62, 71, 88, 10, 0, 0, 0, 217 ],
  [ 56, 64, 71, 88, 0, 10, 0, 0, 218 ],
  [ 56, 64, 72, 88, 0, 0, 10, 0, 217 ],
  [ 56, 63, 71, 88, 0, 0, 10, 0, 217 ],
  [ 56, 60, 70, 88, 0, 10, 0, 0, 1305 ],
  [ 56, 60, 69, 88, 0, 0, 10, 0, 1305 ],
  [ 56, 60, 69, 88, 0, 0, 0, 0, 1305 ],
  [ 56, 60, 69, 88, 0, 0, 0, 0, 1305 ] ]
