[ [ 52, 64, 77, 89, 0, 0, 0, 0, 0 ],
  [ 52, 64, 76, 89, 0, 0, 10, 0, 217 ],
  [ 52, 64, 75, 89, 0, 0, 10, 0, 218 ],
  [ 52, 64, 76, 89, 0, 0, 10, 0, 217 ],
  [ 52, 64, 75, 89, 0, 0, 10, 0, 218 ],
  [ 52, 64, 76, 89, 0, 0, 10, 0, 217 ],
  [ 52, 64, 71, 89, 0, 0, 10, 0, 217 ],
  [ 52, 64, 74, 89, 0, 0, 10, 0, 218 ],
  [ 52, 64, 72, 89, 0, 0, 10, 0, 217 ],
  [ 52, 64, 72, 89, 0, 0, 0, 0, 218 ],
  [ 52, 64, 72, 89, 10, 0, 0, 0, 217 ],
  [ 57, 64, 72, 89, 10, 0, 0, 0, 217 ],
  [ 60, 64, 72, 89, 10, 0, 0, 0, 218 ],
  [ 60, 64, 71, 89, 0, 10, 0, 0, 217 ],
  [ 59, 62, 69, 89, 0, 0, 10, 0, 218 ],
  [ 59, 62, 69, 89, 0, 0, 0, 0, 217 ],
  [ 52, 62, 69, 89, 10, 0, 0, 0, 217 ],
  [ 56, 62, 70, 89, 10, 0, 0, 0, 218 ],
  [ 56, 64, 71, 89, 0, 10, 0, 0, 217 ],
  [ 56, 61, 68, 89, 0, 0, 10, 0, 218 ],
  [ 56, 61, 71, 89, 0, 0, 10, 0, 217 ],
  [ 56, 61, 71, 89, 0, 0, 0, 0, 217 ],
  [ 52, 60, 71, 89, 10, 0, 0, 0, 218 ],
  [ 52, 57, 70, 89, 0, 10, 0, 0, 217 ],
  [ 52, 57, 64, 89, 0, 0, 10, 0, 217 ],
  [ 52, 57, 76, 89, 0, 0, 10, 0, 218 ],
  [ 52, 57, 75, 89, 0, 0, 10, 0, 217 ],
  [ 52, 57, 76, 89, 0, 0, 10, 0, 218 ],
  [ 52, 57, 75, 89, 0, 0, 10, 0, 217 ],
  [ 52, 57, 76, 89, 0, 0, 10, 0, 217 ],
  [ 52, 57, 71, 89, 0, 0, 10, 0, 218 ],
  [ 52, 57, 74, 89, 0, 0, 10, 0, 217 ],
  [ 52, 57, 72, 89, 0, 0, 10, 0, 218 ],
  [ 52, 57, 72, 89, 0, 0, 0, 0, 217 ],
  [ 52, 57, 72, 89, 10, 0, 0, 0, 217 ],
  [ 52, 57, 72, 89, 0, 10, 0, 0, 218 ],
  [ 52, 60, 72, 89, 0, 10, 0, 0, 217 ],
  [ 52, 64, 71, 89, 0, 10, 0, 0, 218 ],
  [ 52, 62, 69, 89, 0, 0, 10, 0, 217 ],
  [ 52, 62, 69, 89, 0, 0, 0, 0, 217 ],
  [ 52, 62, 69, 89, 10, 0, 0, 0, 218 ],
  [ 56, 62, 70, 89, 10, 0, 0, 0, 217 ],
  [ 56, 64, 71, 89, 0, 10, 0, 0, 218 ],
  [ 56, 64, 72, 89, 0, 0, 10, 0, 217 ],
  [ 56, 64, 71, 89, 0, 0, 10, 0, 217 ],
  [ 56, 64, 71, 89, 0, 0, 0, 0, 218 ],
  [ 52, 64, 71, 89, 10, 0, 0, 0, 217 ],
  [ 57, 64, 71, 89, 10, 0, 0, 0, 217 ],
  [ 57, 64, 71, 89, 0, 0, 0, 0, 218 ],
  [ 57, 64, 76, 89, 0, 0, 10, 0, 217 ],
  [ 57, 64, 75, 89, 0, 0, 10, 0, 218 ],
  [ 57, 64, 76, 89, 0, 0, 10, 0, 217 ],
  [ 57, 64, 75, 89, 0, 0, 10, 0, 217 ],
  [ 57, 64, 76, 89, 0, 0, 10, 0, 218 ],
  [ 57, 64, 71, 89, 0, 0, 10, 0, 217 ],
  [ 57, 64, 74, 89, 0, 0, 10, 0, 218 ],
  [ 57, 64, 72, 89, 0, 0, 10, 0, 217 ],
  [ 57, 64, 72, 89, 0, 0, 0, 0, 217 ],
  [ 52, 64, 72, 89, 10, 0, 0, 0, 218 ],
  [ 57, 64, 72, 89, 10, 0, 0, 0, 217 ],
  [ 60, 64, 72, 89, 10, 0, 0, 0, 218 ],
  [ 60, 64, 71, 89, 0, 10, 0, 0, 217 ],
  [ 59, 62, 69, 89, 0, 0, 10, 0, 217 ],
  [ 59, 62, 69, 89, 0, 0, 0, 0, 218 ],
  [ 52, 62, 69, 89, 10, 0, 0, 0, 217 ],
  [ 56, 62, 70, 89, 10, 0, 0, 0, 218 ],
  [ 56, 64, 71, 89, 0, 10, 0, 0, 217 ],
  [ 56, 61, 68, 89, 0, 0, 10, 0, 217 ],
  [ 56, 61, 71, 89, 0, 0, 10, 0, 218 ],
  [ 56, 61, 71, 89, 0, 0, 0, 0, 217 ],
  [ 52, 60, 71, 89, 10, 0, 0, 0, 217 ],
  [ 52, 57, 70, 89, 0, 10, 0, 0, 218 ],
  [ 52, 57, 64, 89, 0, 0, 10, 0, 217 ],
  [ 52, 57, 76, 89, 0, 0, 10, 0, 218 ],
  [ 52, 57, 75, 89, 0, 0, 10, 0, 217 ],
  [ 52, 57, 76, 89, 0, 0, 10, 0, 217 ],
  [ 52, 57, 75, 89, 0, 0, 10, 0, 218 ],
  [ 52, 57, 76, 89, 0, 0, 10, 0, 217 ],
  [ 52, 57, 71, 89, 0, 0, 10, 0, 218 ],
  [ 52, 57, 74, 89, 0, 0, 10, 0, 217 ],
  [ 52, 57, 72, 89, 0, 0, 10, 0, 217 ],
  [ 52, 57, 72, 89, 0, 0, 0, 0, 218 ],
  [ 52, 57, 72, 89, 10, 0, 0, 0, 217 ],
  [ 52, 57, 72, 89, 0, 10, 0, 0, 218 ],
  [ 52, 60, 72, 89, 0, 10, 0, 0, 217 ],
  [ 52, 64, 71, 89, 0, 10, 0, 0, 217 ],
  [ 52, 62, 69, 89, 0, 0, 10, 0, 218 ],
  [ 52, 62, 69, 89, 0, 0, 0, 0, 217 ],
  [ 52, 62, 69, 89, 10, 0, 0, 0, 218 ],
  [ 56, 62, 70, 89, 10, 0, 0, 0, 217 ],
  [ 56, 64, 71, 89, 0, 10, 0, 0, 217 ],
  [ 56, 64, 72, 89, 0, 0, 10, 0, 218 ],
  [ 56, 64, 71, 89, 0, 0, 10, 0, 217 ],
  [ 56, 64, 71, 89, 0, 0, 0, 0, 217 ],
  [ 52, 64, 71, 89, 10, 0, 0, 0, 218 ],
  [ 57, 64, 71, 89, 10, 0, 0, 0, 217 ],
  [ 57, 64, 71, 89, 0, 0, 10, 0, 218 ],
  [ 57, 64, 72, 89, 0, 0, 10, 0, 217 ],
  [ 56, 64, 74, 89, 0, 0, 10, 0, 217 ],
  [ 48, 64, 76, 89, 10, 0, 10, 0, 218 ],
  [ 55, 63, 76, 89, 10, 0, 0, 0, 217 ],
  [ 55, 60, 76, 89, 0, 10, 0, 0, 218 ],
  [ 55, 67, 76, 89, 0, 10, 0, 0, 217 ],
  [ 55, 67, 77, 89, 0, 0, 10, 0, 217 ],
  [ 55, 67, 76, 89, 0, 0, 10, 0, 218 ],
  [ 55, 67, 76, 89, 0, 0, 0, 0, 217 ],
  [ 55, 67, 76, 89, 10, 0, 0, 0, 218 ],
  [ 59, 66, 76, 89, 10, 0, 0, 0, 217 ],
  [ 59, 65, 76, 89, 0, 10, 0, 0, 217 ],
  [ 59, 65, 76, 89, 0, 0, 10, 0, 218 ],
  [ 59, 65, 74, 89, 0, 0, 10, 0, 217 ],
  [ 59, 65, 74, 89, 0, 0, 0, 0, 218 ],
  [ 52, 65, 74, 89, 10, 0, 0, 0, 217 ],
  [ 57, 65, 74, 89, 10, 0, 0, 0, 217 ],
  [ 57, 64, 74, 89, 0, 10, 0, 0, 218 ],
  [ 57, 64, 74, 89, 0, 0, 10, 0, 217 ],
  [ 57, 64, 72, 89, 0, 0, 10, 0, 217 ],
  [ 57, 64, 72, 89, 0, 0, 0, 0, 218 ],
  [ 52, 64, 72, 89, 10, 0, 0, 0, 217 ],
  [ 52, 64, 72, 89, 0, 10, 0, 0, 218 ],
  [ 52, 64, 72, 89, 0, 10, 0, 0, 217 ],
  [ 52, 64, 76, 89, 0, 0, 10, 0, 217 ],
  [ 52, 64, 76, 89, 0, 10, 0, 0, 218 ],
  [ 52, 64, 76, 89, 0, 0, 10, 0, 217 ],
  [ 52, 64, 76, 89, 0, 0, 10, 0, 218 ],
  [ 52, 64, 76, 88, 0, 0, 0, 10, 217 ],
  [ 52, 64, 75, 88, 0, 0, 10, 0, 217 ],
  [ 52, 64, 76, 88, 0, 0, 10, 0, 218 ],
  [ 52, 64, 75, 88, 0, 0, 10, 0, 217 ],
  [ 52, 64, 76, 88, 0, 0, 10, 0, 218 ],
  [ 52, 64, 75, 88, 0, 0, 10, 0, 217 ],
  [ 52, 64, 76, 88, 0, 0, 10, 0, 217 ],
  [ 52, 64, 71, 88, 0, 0, 10, 0, 218 ],
  [ 52, 64, 74, 88, 0, 0, 10, 0, 217 ],
  [ 52, 64, 72, 88, 0, 0, 10, 0, 218 ],
  [ 52, 64, 72, 88, 0, 0, 0, 0, 217 ],
  [ 52, 64, 72, 88, 10, 0, 0, 0, 217 ],
  [ 57, 64, 72, 88, 10, 0, 0, 0, 218 ],
  [ 60, 64, 72, 88, 10, 0, 0, 0, 217 ],
  [ 60, 64, 71, 88, 0, 10, 0, 0, 217 ],
  [ 59, 62, 69, 88, 0, 0, 10, 0, 218 ],
  [ 59, 62, 69, 88, 0, 0, 0, 0, 217 ],
  [ 52, 62, 69, 88, 10, 0, 0, 0, 218 ],
  [ 56, 62, 70, 88, 10, 0, 0, 0, 217 ],
  [ 56, 64, 71, 88, 0, 10, 0, 0, 217 ],
  [ 56, 61, 68, 88, 0, 0, 10, 0, 218 ],
  [ 56, 61, 71, 88, 0, 0, 10, 0, 217 ],
  [ 56, 61, 71, 88, 0, 0, 0, 0, 218 ],
  [ 52, 60, 71, 88, 10, 0, 0, 0, 217 ],
  [ 52, 57, 70, 88, 0, 10, 0, 0, 217 ],
  [ 52, 57, 64, 87, 0, 0, 10, 0, 218 ],
  [ 52, 57, 64, 76, 0, 0, 0, 10, 217 ],
  [ 52, 57, 64, 75, 0, 0, 0, 10, 218 ],
  [ 52, 57, 64, 76, 0, 0, 0, 10, 217 ],
  [ 52, 57, 64, 75, 0, 0, 0, 10, 217 ],
  [ 52, 57, 64, 76, 0, 0, 0, 10, 218 ],
  [ 52, 57, 64, 71, 0, 0, 0, 10, 217 ],
  [ 52, 57, 64, 74, 0, 0, 0, 10, 218 ],
  [ 52, 57, 64, 72, 0, 0, 0, 10, 217 ],
  [ 52, 57, 64, 72, 0, 0, 0, 0, 217 ],
  [ 52, 57, 64, 72, 10, 0, 0, 0, 218 ],
  [ 52, 57, 65, 72, 0, 10, 0, 0, 217 ],
  [ 52, 60, 67, 72, 0, 10, 0, 0, 217 ],
  [ 52, 57, 64, 71, 0, 0, 10, 0, 218 ],
  [ 52, 57, 64, 69, 0, 0, 0, 10, 217 ],
  [ 52, 57, 64, 69, 0, 0, 0, 0, 218 ],
  [ 52, 57, 64, 69, 10, 0, 0, 0, 217 ],
  [ 52, 56, 64, 69, 0, 10, 0, 0, 217 ],
  [ 52, 56, 64, 70, 0, 0, 10, 0, 218 ],
  [ 52, 56, 64, 72, 0, 0, 0, 10, 217 ],
  [ 52, 56, 64, 71, 0, 0, 0, 10, 218 ],
  [ 52, 56, 64, 71, 0, 0, 0, 0, 217 ],
  [ 52, 56, 64, 71, 10, 0, 0, 0, 217 ],
  [ 52, 57, 64, 71, 0, 10, 0, 0, 218 ],
  [ 52, 57, 64, 71, 0, 0, 0, 10, 217 ],
  [ 52, 57, 64, 72, 0, 0, 0, 10, 218 ],
  [ 51, 57, 64, 74, 0, 0, 0, 10, 217 ],
  [ 48, 56, 64, 76, 10, 0, 0, 10, 217 ],
  [ 48, 55, 63, 76, 0, 10, 0, 0, 218 ],
  [ 48, 53, 60, 76, 0, 0, 10, 0, 217 ],
  [ 48, 53, 67, 76, 0, 0, 10, 0, 218 ],
  [ 48, 53, 67, 77, 0, 0, 0, 10, 217 ],
  [ 48, 53, 67, 76, 0, 0, 0, 10, 217 ],
  [ 48, 53, 67, 76, 0, 0, 0, 0, 218 ],
  [ 48, 55, 67, 76, 0, 10, 0, 0, 217 ],
  [ 48, 59, 66, 76, 0, 10, 0, 0, 217 ],
  [ 48, 58, 65, 76, 0, 0, 10, 0, 218 ],
  [ 48, 58, 65, 76, 0, 0, 0, 10, 217 ],
  [ 48, 58, 65, 74, 0, 0, 0, 10, 218 ],
  [ 48, 58, 65, 74, 0, 0, 0, 0, 217 ],
  [ 52, 58, 65, 74, 10, 0, 0, 0, 217 ],
  [ 52, 57, 65, 74, 0, 10, 0, 0, 218 ],
  [ 52, 57, 64, 74, 0, 0, 10, 0, 217 ],
  [ 52, 57, 64, 74, 0, 0, 0, 10, 218 ],
  [ 52, 57, 64, 72, 0, 0, 0, 10, 217 ],
  [ 52, 57, 64, 72, 0, 0, 0, 0, 217 ],
  [ 52, 57, 64, 72, 10, 0, 0, 0, 218 ],
  [ 52, 57, 64, 72, 0, 0, 10, 0, 217 ],
  [ 52, 57, 64, 73, 0, 0, 10, 0, 218 ],
  [ 52, 57, 64, 76, 0, 0, 0, 10, 217 ],
  [ 52, 57, 64, 76, 0, 0, 10, 0, 217 ],
  [ 52, 57, 64, 76, 0, 0, 0, 10, 218 ],
  [ 52, 57, 64, 76, 0, 0, 0, 10, 217 ],
  [ 52, 57, 65, 88, 0, 0, 0, 10, 218 ],
  [ 52, 57, 75, 88, 0, 0, 10, 0, 217 ],
  [ 52, 57, 76, 88, 0, 0, 10, 0, 217 ],
  [ 52, 57, 75, 88, 0, 0, 10, 0, 218 ],
  [ 52, 57, 76, 88, 0, 0, 10, 0, 217 ],
  [ 52, 57, 75, 88, 0, 0, 10, 0, 217 ],
  [ 52, 57, 76, 88, 0, 0, 10, 0, 218 ],
  [ 52, 57, 71, 88, 0, 0, 10, 0, 217 ],
  [ 52, 57, 74, 88, 0, 0, 10, 0, 218 ],
  [ 52, 57, 72, 88, 0, 0, 10, 0, 217 ],
  [ 52, 57, 72, 88, 0, 0, 0, 0, 217 ],
  [ 52, 57, 72, 88, 10, 0, 0, 0, 218 ],
  [ 52, 57, 72, 88, 0, 10, 0, 0, 217 ],
  [ 52, 60, 72, 88, 0, 10, 0, 0, 218 ],
  [ 52, 64, 71, 88, 0, 10, 0, 0, 217 ],
  [ 52, 62, 69, 88, 0, 0, 10, 0, 217 ],
  [ 52, 62, 69, 88, 0, 0, 0, 0, 218 ],
  [ 52, 62, 69, 88, 10, 0, 0, 0, 217 ],
  [ 56, 62, 70, 88, 10, 0, 0, 0, 218 ],
  [ 56, 64, 71, 88, 0, 10, 0, 0, 217 ],
  [ 56, 61, 68, 88, 0, 0, 10, 0, 217 ],
  [ 56, 61, 71, 88, 0, 0, 10, 0, 218 ],
  [ 56, 61, 71, 88, 0, 0, 0, 0, 217 ],
  [ 52, 60, 71, 88, 10, 0, 0, 0, 218 ],
  [ 52, 57, 70, 88, 0, 10, 0, 0, 217 ],
  [ 52, 57, 64, 87, 0, 0, 10, 0, 217 ],
  [ 52, 57, 64, 76, 0, 0, 0, 10, 218 ],
  [ 52, 57, 64, 75, 0, 0, 0, 10, 217 ],
  [ 52, 57, 64, 76, 0, 0, 0, 10, 217 ],
  [ 52, 57, 64, 75, 0, 0, 0, 10, 218 ],
  [ 52, 57, 64, 76, 0, 0, 0, 10, 217 ],
  [ 52, 57, 64, 71, 0, 0, 0, 10, 218 ],
  [ 52, 57, 64, 74, 0, 0, 0, 10, 217 ],
  [ 52, 57, 64, 72, 0, 0, 0, 10, 217 ],
  [ 52, 57, 64, 72, 0, 0, 0, 0, 218 ],
  [ 52, 57, 64, 72, 10, 0, 0, 0, 217 ],
  [ 52, 57, 65, 72, 0, 10, 0, 0, 218 ],
  [ 52, 60, 67, 72, 0, 10, 0, 0, 217 ],
  [ 52, 57, 64, 71, 0, 0, 10, 0, 217 ],
  [ 52, 57, 64, 69, 0, 0, 0, 10, 218 ],
  [ 52, 57, 64, 69, 0, 0, 0, 0, 217 ],
  [ 52, 57, 64, 69, 10, 0, 0, 0, 218 ],
  [ 52, 56, 64, 69, 0, 10, 0, 0, 217 ],
  [ 52, 56, 64, 70, 0, 0, 10, 0, 217 ],
  [ 52, 56, 64, 72, 0, 0, 0, 10, 218 ],
  [ 52, 56, 64, 71, 0, 0, 0, 10, 217 ],
  [ 52, 56, 64, 71, 0, 0, 0, 0, 218 ],
  [ 52, 56, 64, 71, 10, 0, 0, 0, 217 ],
  [ 52, 57, 64, 71, 0, 10, 0, 0, 217 ],
  [ 52, 58, 65, 71, 0, 10, 0, 0, 109 ],
  [ 52, 60, 67, 71, 0, 10, 0, 0, 109 ],
  [ 52, 57, 64, 71, 0, 0, 10, 0, 109 ],
  [ 52, 57, 65, 72, 0, 0, 0, 10, 109 ],
  [ 52, 60, 67, 72, 0, 10, 0, 0, 108 ],
  [ 52, 57, 66, 72, 0, 10, 0, 0, 108 ],
  [ 52, 57, 65, 72, 0, 0, 10, 0, 108 ],
  [ 52, 57, 65, 72, 0, 0, 0, 10, 108 ],
  [ 52, 58, 66, 72, 0, 10, 0, 0, 109 ],
  [ 53, 60, 67, 72, 0, 10, 0, 0, 109 ],
  [ 55, 59, 67, 72, 10, 0, 0, 0, 109 ],
  [ 54, 57, 64, 72, 0, 0, 10, 0, 109 ],
  [ 54, 57, 65, 72, 0, 0, 0, 10, 109 ],
  [ 54, 57, 67, 72, 0, 0, 10, 0, 109 ] ]
