[ [ 52, 64, 77, 89, 0, 0, 0, 0, 0 ],
  [ 52, 64, 76, 89, 0, 0, 10, 0, 217 ],
  [ 52, 64, 75, 89, 0, 0, 10, 0, 218 ],
  [ 52, 64, 76, 89, 0, 0, 10, 0, 217 ],
  [ 52, 64, 75, 89, 0, 0, 10, 0, 218 ],
  [ 52, 64, 76, 89, 0, 0, 10, 0, 217 ],
  [ 52, 64, 71, 89, 0, 0, 10, 0, 217 ],
  [ 52, 64, 74, 89, 0, 0, 10, 0, 218 ],
  [ 52, 63, 72, 89, 0, 0, 10, 0, 217 ],
  [ 52, 62, 69, 89, 0, 0, 10, 0, 218 ],
  [ 52, 61, 69, 89, 10, 0, 0, 0, 217 ],
  [ 52, 57, 69, 89, 0, 10, 0, 0, 217 ],
  [ 52, 60, 69, 89, 0, 10, 0, 0, 218 ],
  [ 52, 64, 71, 89, 0, 10, 0, 0, 217 ],
  [ 52, 62, 69, 89, 0, 0, 10, 0, 218 ],
  [ 52, 62, 71, 89, 0, 0, 10, 0, 217 ],
  [ 52, 62, 71, 89, 10, 0, 0, 0, 217 ],
  [ 56, 62, 71, 89, 10, 0, 0, 0, 218 ],
  [ 56, 64, 71, 89, 0, 10, 0, 0, 217 ],
  [ 56, 61, 68, 89, 0, 0, 10, 0, 218 ],
  [ 56, 61, 71, 89, 0, 0, 10, 0, 217 ],
  [ 55, 61, 72, 89, 0, 0, 10, 0, 217 ],
  [ 52, 60, 72, 89, 10, 0, 0, 0, 218 ],
  [ 52, 57, 72, 89, 0, 10, 0, 0, 217 ],
  [ 52, 64, 72, 89, 0, 10, 0, 0, 217 ],
  [ 52, 64, 76, 89, 0, 0, 10, 0, 218 ],
  [ 52, 64, 75, 89, 0, 0, 10, 0, 217 ],
  [ 52, 64, 76, 89, 0, 0, 10, 0, 218 ],
  [ 52, 64, 75, 89, 0, 0, 10, 0, 217 ],
  [ 52, 64, 76, 89, 0, 0, 10, 0, 217 ],
  [ 52, 64, 71, 89, 0, 0, 10, 0, 218 ],
  [ 52, 64, 74, 89, 0, 0, 10, 0, 217 ],
  [ 52, 63, 72, 89, 0, 0, 10, 0, 218 ],
  [ 52, 62, 69, 89, 0, 0, 10, 0, 217 ],
  [ 52, 61, 69, 89, 10, 0, 0, 0, 217 ],
  [ 52, 57, 69, 89, 0, 10, 0, 0, 218 ],
  [ 52, 60, 69, 89, 0, 10, 0, 0, 217 ],
  [ 52, 64, 71, 89, 0, 10, 0, 0, 218 ],
  [ 52, 62, 69, 89, 0, 0, 10, 0, 217 ],
  [ 52, 62, 71, 89, 0, 0, 10, 0, 217 ],
  [ 52, 62, 71, 89, 10, 0, 0, 0, 218 ],
  [ 56, 62, 71, 89, 10, 0, 0, 0, 217 ],
  [ 56, 64, 71, 89, 0, 10, 0, 0, 218 ],
  [ 56, 64, 72, 89, 0, 0, 10, 0, 217 ],
  [ 56, 63, 71, 89, 0, 0, 10, 0, 217 ],
  [ 55, 62, 69, 89, 0, 0, 10, 0, 218 ],
  [ 52, 61, 69, 89, 10, 0, 0, 0, 217 ],
  [ 52, 57, 69, 89, 0, 10, 0, 0, 217 ],
  [ 52, 57, 76, 89, 0, 0, 10, 0, 217 ],
  [ 52, 57, 75, 89, 0, 0, 10, 0, 218 ],
  [ 52, 57, 76, 89, 0, 0, 10, 0, 217 ],
  [ 52, 57, 75, 89, 0, 0, 10, 0, 217 ],
  [ 52, 57, 76, 89, 0, 0, 10, 0, 218 ],
  [ 52, 57, 71, 89, 0, 0, 10, 0, 217 ],
  [ 52, 57, 74, 89, 0, 0, 10, 0, 218 ],
  [ 52, 57, 72, 89, 0, 0, 10, 0, 217 ],
  [ 52, 57, 69, 89, 0, 0, 10, 0, 217 ],
  [ 52, 57, 69, 89, 10, 0, 0, 0, 218 ],
  [ 52, 57, 69, 89, 0, 10, 0, 0, 217 ],
  [ 52, 60, 69, 89, 0, 10, 0, 0, 218 ],
  [ 52, 64, 71, 89, 0, 10, 0, 0, 217 ],
  [ 52, 62, 69, 89, 0, 0, 10, 0, 217 ],
  [ 52, 62, 71, 89, 0, 0, 10, 0, 218 ],
  [ 52, 62, 71, 89, 10, 0, 0, 0, 217 ],
  [ 56, 62, 71, 89, 10, 0, 0, 0, 218 ],
  [ 56, 64, 71, 89, 0, 10, 0, 0, 217 ],
  [ 56, 61, 68, 89, 0, 0, 10, 0, 217 ],
  [ 56, 61, 71, 89, 0, 0, 10, 0, 218 ],
  [ 55, 61, 72, 89, 0, 0, 10, 0, 217 ],
  [ 52, 60, 72, 89, 10, 0, 0, 0, 217 ],
  [ 52, 57, 72, 89, 0, 10, 0, 0, 218 ],
  [ 52, 64, 72, 89, 0, 10, 0, 0, 217 ],
  [ 52, 64, 76, 89, 0, 0, 10, 0, 218 ],
  [ 52, 64, 75, 89, 0, 0, 10, 0, 217 ],
  [ 52, 64, 76, 89, 0, 0, 10, 0, 217 ],
  [ 52, 64, 75, 89, 0, 0, 10, 0, 218 ],
  [ 52, 64, 76, 89, 0, 0, 10, 0, 217 ],
  [ 52, 64, 71, 89, 0, 0, 10, 0, 218 ],
  [ 52, 64, 74, 89, 0, 0, 10, 0, 217 ],
  [ 52, 63, 72, 89, 0, 0, 10, 0, 217 ],
  [ 52, 62, 69, 89, 0, 0, 10, 0, 218 ],
  [ 52, 61, 69, 89, 10, 0, 0, 0, 217 ],
  [ 52, 57, 69, 89, 0, 10, 0, 0, 218 ],
  [ 52, 60, 69, 89, 0, 10, 0, 0, 217 ],
  [ 52, 64, 71, 89, 0, 10, 0, 0, 217 ],
  [ 52, 62, 69, 89, 0, 0, 10, 0, 218 ],
  [ 52, 62, 71, 89, 0, 0, 10, 0, 217 ],
  [ 52, 62, 71, 89, 10, 0, 0, 0, 218 ],
  [ 56, 62, 71, 89, 10, 0, 0, 0, 217 ],
  [ 56, 64, 71, 89, 0, 10, 0, 0, 217 ],
  [ 56, 64, 72, 89, 0, 0, 10, 0, 218 ],
  [ 56, 63, 71, 89, 0, 0, 10, 0, 217 ],
  [ 55, 62, 69, 89, 0, 0, 10, 0, 217 ],
  [ 52, 61, 69, 89, 10, 0, 0, 0, 218 ],
  [ 52, 57, 69, 89, 0, 10, 0, 0, 217 ],
  [ 52, 57, 71, 89, 0, 0, 10, 0, 218 ],
  [ 52, 57, 72, 89, 0, 0, 10, 0, 217 ],
  [ 52, 57, 74, 89, 0, 0, 10, 0, 217 ],
  [ 52, 56, 76, 89, 0, 0, 10, 0, 218 ],
  [ 52, 55, 76, 89, 0, 10, 0, 0, 217 ],
  [ 52, 60, 76, 89, 0, 10, 0, 0, 218 ],
  [ 52, 67, 76, 89, 0, 10, 0, 0, 217 ],
  [ 52, 67, 77, 89, 0, 0, 10, 0, 217 ],
  [ 52, 67, 76, 89, 0, 0, 10, 0, 218 ],
  [ 52, 67, 74, 89, 0, 0, 10, 0, 217 ],
  [ 55, 67, 74, 89, 10, 0, 0, 0, 218 ],
  [ 59, 66, 74, 89, 10, 0, 0, 0, 217 ],
  [ 59, 65, 74, 89, 0, 10, 0, 0, 217 ],
  [ 59, 65, 76, 89, 0, 0, 10, 0, 218 ],
  [ 59, 65, 74, 89, 0, 0, 10, 0, 217 ],
  [ 58, 65, 72, 89, 0, 0, 10, 0, 218 ],
  [ 52, 65, 72, 89, 10, 0, 0, 0, 217 ],
  [ 57, 65, 72, 89, 10, 0, 0, 0, 217 ],
  [ 57, 64, 72, 89, 0, 10, 0, 0, 218 ],
  [ 57, 64, 74, 89, 0, 0, 10, 0, 217 ],
  [ 57, 64, 72, 89, 0, 0, 10, 0, 217 ],
  [ 56, 64, 71, 89, 0, 0, 10, 0, 218 ],
  [ 52, 64, 71, 89, 10, 0, 0, 0, 217 ],
  [ 52, 64, 71, 89, 0, 10, 0, 0, 218 ],
  [ 52, 64, 72, 89, 0, 10, 0, 0, 217 ],
  [ 52, 64, 76, 89, 0, 0, 10, 0, 217 ],
  [ 52, 64, 76, 89, 0, 10, 0, 0, 218 ],
  [ 52, 64, 76, 89, 0, 0, 10, 0, 217 ],
  [ 52, 64, 76, 89, 0, 0, 10, 0, 218 ],
  [ 52, 64, 76, 88, 0, 0, 0, 10, 217 ],
  [ 52, 64, 75, 88, 0, 0, 10, 0, 217 ],
  [ 52, 64, 76, 88, 0, 0, 10, 0, 218 ],
  [ 52, 64, 75, 88, 0, 0, 10, 0, 217 ],
  [ 52, 64, 76, 88, 0, 0, 10, 0, 218 ],
  [ 52, 64, 75, 88, 0, 0, 10, 0, 217 ],
  [ 52, 64, 76, 88, 0, 0, 10, 0, 217 ],
  [ 52, 64, 71, 88, 0, 0, 10, 0, 218 ],
  [ 52, 64, 74, 88, 0, 0, 10, 0, 217 ],
  [ 52, 63, 72, 88, 0, 0, 10, 0, 218 ],
  [ 52, 62, 69, 88, 0, 0, 10, 0, 217 ],
  [ 52, 61, 69, 88, 10, 0, 0, 0, 217 ],
  [ 52, 57, 69, 88, 0, 10, 0, 0, 218 ],
  [ 52, 60, 69, 88, 0, 10, 0, 0, 217 ],
  [ 52, 64, 71, 88, 0, 10, 0, 0, 217 ],
  [ 52, 62, 69, 88, 0, 0, 10, 0, 218 ],
  [ 52, 62, 71, 88, 0, 0, 10, 0, 217 ],
  [ 52, 62, 71, 88, 10, 0, 0, 0, 218 ],
  [ 56, 62, 71, 88, 10, 0, 0, 0, 217 ],
  [ 56, 64, 71, 88, 0, 10, 0, 0, 217 ],
  [ 56, 61, 68, 88, 0, 0, 10, 0, 218 ],
  [ 56, 61, 71, 88, 0, 0, 10, 0, 217 ],
  [ 55, 61, 72, 88, 0, 0, 10, 0, 218 ],
  [ 52, 60, 72, 88, 10, 0, 0, 0, 217 ],
  [ 52, 57, 72, 88, 0, 10, 0, 0, 217 ],
  [ 52, 64, 72, 88, 0, 10, 0, 0, 218 ],
  [ 52, 64, 76, 88, 0, 0, 10, 0, 217 ],
  [ 52, 64, 75, 88, 0, 0, 10, 0, 218 ],
  [ 52, 64, 76, 88, 0, 0, 10, 0, 217 ],
  [ 52, 64, 75, 88, 0, 0, 10, 0, 217 ],
  [ 52, 64, 76, 88, 0, 0, 10, 0, 218 ],
  [ 52, 64, 71, 88, 0, 0, 10, 0, 217 ],
  [ 52, 64, 74, 88, 0, 0, 10, 0, 218 ],
  [ 52, 63, 72, 88, 0, 0, 10, 0, 217 ],
  [ 52, 62, 69, 88, 0, 0, 10, 0, 217 ],
  [ 52, 61, 69, 88, 10, 0, 0, 0, 218 ],
  [ 52, 57, 69, 88, 0, 10, 0, 0, 217 ],
  [ 52, 60, 69, 88, 0, 10, 0, 0, 217 ],
  [ 52, 64, 71, 88, 0, 10, 0, 0, 218 ],
  [ 52, 62, 69, 88, 0, 0, 10, 0, 217 ],
  [ 52, 62, 71, 88, 0, 0, 10, 0, 218 ],
  [ 52, 62, 71, 88, 10, 0, 0, 0, 217 ],
  [ 56, 62, 71, 88, 10, 0, 0, 0, 217 ],
  [ 56, 64, 71, 88, 0, 10, 0, 0, 218 ],
  [ 56, 64, 72, 88, 0, 0, 10, 0, 217 ],
  [ 56, 63, 71, 88, 0, 0, 10, 0, 218 ],
  [ 55, 62, 69, 88, 0, 0, 10, 0, 217 ],
  [ 52, 61, 69, 88, 10, 0, 0, 0, 217 ],
  [ 52, 57, 69, 88, 0, 10, 0, 0, 218 ],
  [ 52, 57, 71, 88, 0, 0, 10, 0, 217 ],
  [ 52, 57, 72, 88, 0, 0, 10, 0, 218 ],
  [ 52, 57, 74, 88, 0, 0, 10, 0, 217 ],
  [ 52, 56, 76, 88, 0, 0, 10, 0, 217 ],
  [ 52, 55, 76, 88, 0, 10, 0, 0, 218 ],
  [ 52, 60, 76, 88, 0, 10, 0, 0, 217 ],
  [ 52, 67, 76, 88, 0, 10, 0, 0, 218 ],
  [ 52, 67, 77, 88, 0, 0, 10, 0, 217 ],
  [ 52, 67, 76, 88, 0, 0, 10, 0, 217 ],
  [ 52, 67, 74, 88, 0, 0, 10, 0, 218 ],
  [ 55, 67, 74, 88, 10, 0, 0, 0, 217 ],
  [ 59, 66, 74, 88, 10, 0, 0, 0, 217 ],
  [ 59, 65, 74, 88, 0, 10, 0, 0, 218 ],
  [ 59, 65, 76, 88, 0, 0, 10, 0, 217 ],
  [ 59, 65, 74, 88, 0, 0, 10, 0, 218 ],
  [ 58, 65, 72, 88, 0, 0, 10, 0, 217 ],
  [ 52, 65, 72, 88, 10, 0, 0, 0, 217 ],
  [ 57, 65, 72, 88, 10, 0, 0, 0, 218 ],
  [ 57, 64, 72, 88, 0, 10, 0, 0, 217 ],
  [ 57, 64, 74, 88, 0, 0, 10, 0, 218 ],
  [ 57, 64, 72, 88, 0, 0, 10, 0, 217 ],
  [ 56, 64, 71, 88, 0, 0, 10, 0, 217 ],
  [ 52, 64, 71, 88, 10, 0, 0, 0, 218 ],
  [ 52, 64, 71, 88, 0, 10, 0, 0, 217 ],
  [ 52, 64, 72, 88, 0, 10, 0, 0, 218 ],
  [ 52, 64, 76, 88, 0, 0, 10, 0, 217 ],
  [ 52, 64, 76, 88, 0, 10, 0, 0, 217 ],
  [ 52, 64, 76, 88, 0, 0, 10, 0, 218 ],
  [ 52, 64, 76, 88, 0, 0, 10, 0, 217 ],
  [ 52, 64, 76, 88, 0, 0, 0, 10, 218 ],
  [ 52, 64, 75, 88, 0, 0, 10, 0, 217 ],
  [ 52, 64, 76, 88, 0, 0, 10, 0, 217 ],
  [ 52, 64, 75, 88, 0, 0, 10, 0, 218 ],
  [ 52, 64, 76, 88, 0, 0, 10, 0, 217 ],
  [ 52, 64, 75, 88, 0, 0, 10, 0, 217 ],
  [ 52, 64, 76, 88, 0, 0, 10, 0, 218 ],
  [ 52, 64, 71, 88, 0, 0, 10, 0, 217 ],
  [ 52, 64, 74, 88, 0, 0, 10, 0, 218 ],
  [ 52, 63, 72, 88, 0, 0, 10, 0, 217 ],
  [ 52, 62, 69, 88, 0, 0, 10, 0, 217 ],
  [ 52, 61, 69, 88, 10, 0, 0, 0, 218 ],
  [ 52, 57, 69, 88, 0, 10, 0, 0, 217 ],
  [ 52, 60, 69, 88, 0, 10, 0, 0, 218 ],
  [ 52, 64, 71, 88, 0, 10, 0, 0, 217 ],
  [ 52, 62, 69, 88, 0, 0, 10, 0, 217 ],
  [ 52, 62, 71, 88, 0, 0, 10, 0, 218 ],
  [ 52, 62, 71, 88, 10, 0, 0, 0, 217 ],
  [ 56, 62, 71, 88, 10, 0, 0, 0, 218 ],
  [ 56, 64, 71, 88, 0, 10, 0, 0, 217 ],
  [ 56, 61, 68, 88, 0, 0, 10, 0, 217 ],
  [ 56, 61, 71, 88, 0, 0, 10, 0, 218 ],
  [ 55, 61, 72, 88, 0, 0, 10, 0, 217 ],
  [ 52, 60, 72, 88, 10, 0, 0, 0, 218 ],
  [ 52, 57, 72, 88, 0, 10, 0, 0, 217 ],
  [ 52, 64, 72, 88, 0, 10, 0, 0, 217 ],
  [ 52, 64, 76, 88, 0, 0, 10, 0, 218 ],
  [ 52, 64, 75, 88, 0, 0, 10, 0, 217 ],
  [ 52, 64, 76, 88, 0, 0, 10, 0, 217 ],
  [ 52, 64, 75, 88, 0, 0, 10, 0, 218 ],
  [ 52, 64, 76, 88, 0, 0, 10, 0, 217 ],
  [ 52, 64, 71, 88, 0, 0, 10, 0, 218 ],
  [ 52, 64, 74, 88, 0, 0, 10, 0, 217 ],
  [ 52, 63, 72, 88, 0, 0, 10, 0, 217 ],
  [ 52, 62, 69, 88, 0, 0, 10, 0, 218 ],
  [ 52, 61, 69, 88, 10, 0, 0, 0, 217 ],
  [ 52, 57, 69, 88, 0, 10, 0, 0, 218 ],
  [ 52, 60, 69, 88, 0, 10, 0, 0, 217 ],
  [ 52, 64, 71, 88, 0, 10, 0, 0, 217 ],
  [ 52, 62, 69, 88, 0, 0, 10, 0, 218 ],
  [ 52, 62, 71, 88, 0, 0, 10, 0, 217 ],
  [ 52, 62, 71, 88, 10, 0, 0, 0, 218 ],
  [ 56, 62, 71, 88, 10, 0, 0, 0, 217 ],
  [ 56, 64, 71, 88, 0, 10, 0, 0, 217 ],
  [ 56, 64, 72, 88, 0, 0, 10, 0, 218 ],
  [ 56, 63, 71, 88, 0, 0, 10, 0, 217 ],
  [ 55, 62, 69, 88, 0, 0, 10, 0, 218 ],
  [ 52, 61, 69, 88, 10, 0, 0, 0, 217 ],
  [ 52, 57, 69, 88, 0, 10, 0, 0, 217 ] ]
