[ [ 52, 64, 77, 89, 0, 0, 0, 0, 0 ],
  [ 52, 64, 76, 89, 0, 0, 10, 0, 242 ],
  [ 52, 64, 75, 89, 0, 0, 10, 0, 242 ],
  [ 52, 64, 76, 89, 0, 0, 10, 0, 242 ],
  [ 52, 64, 75, 89, 0, 0, 10, 0, 233 ],
  [ 52, 64, 75, 89, 0, 0, 10, 0, 8 ],
  [ 52, 64, 76, 89, 0, 0, 10, 0, 233 ],
  [ 52, 64, 76, 89, 0, 0, 10, 0, 8 ],
  [ 52, 64, 71, 89, 0, 0, 10, 0, 200 ],
  [ 52, 62, 69, 89, 10, 0, 10, 0, 183 ],
  [ 52, 61, 69, 89, 10, 0, 10, 0, 8 ],
  [ 52, 57, 69, 89, 0, 10, 0, 0, 200 ],
  [ 52, 57, 69, 89, 0, 10, 0, 0, 8 ],
  [ 52, 60, 69, 89, 0, 10, 0, 0, 233 ],
  [ 52, 60, 69, 89, 0, 10, 0, 0, 8 ],
  [ 52, 59, 71, 89, 10, 0, 10, 0, 225 ],
  [ 52, 59, 70, 89, 10, 0, 0, 0, 8 ],
  [ 52, 56, 69, 89, 0, 10, 0, 0, 233 ],
  [ 52, 56, 64, 89, 0, 0, 10, 0, 233 ],
  [ 52, 56, 68, 89, 0, 0, 10, 0, 233 ],
  [ 52, 56, 72, 89, 0, 0, 10, 0, 233 ],
  [ 52, 57, 73, 89, 10, 10, 0, 0, 8 ],
  [ 52, 64, 73, 89, 0, 10, 0, 0, 242 ],
  [ 52, 64, 76, 89, 0, 0, 10, 0, 242 ],
  [ 52, 64, 75, 89, 0, 0, 10, 0, 233 ],
  [ 52, 64, 75, 89, 0, 0, 10, 0, 8 ],
  [ 52, 64, 76, 89, 0, 0, 10, 0, 233 ],
  [ 52, 64, 76, 89, 0, 0, 10, 0, 8 ],
  [ 52, 64, 75, 89, 0, 0, 10, 0, 242 ],
  [ 52, 64, 76, 89, 0, 0, 10, 0, 233 ],
  [ 52, 64, 76, 89, 0, 0, 10, 0, 8 ],
  [ 52, 64, 71, 89, 0, 0, 10, 0, 242 ],
  [ 52, 62, 69, 89, 10, 0, 10, 0, 175 ],
  [ 52, 61, 69, 89, 10, 0, 0, 0, 8 ],
  [ 52, 57, 69, 89, 0, 10, 0, 0, 242 ],
  [ 52, 60, 69, 89, 0, 10, 0, 0, 242 ],
  [ 52, 64, 71, 89, 0, 10, 0, 0, 233 ],
  [ 52, 64, 71, 89, 10, 0, 0, 0, 100 ],
  [ 56, 64, 71, 89, 10, 0, 10, 0, 233 ],
  [ 56, 64, 71, 89, 10, 0, 0, 0, 8 ],
  [ 56, 63, 72, 89, 0, 0, 10, 0, 242 ],
  [ 52, 60, 69, 89, 10, 10, 10, 0, 175 ],
  [ 52, 57, 69, 89, 0, 10, 0, 0, 242 ],
  [ 52, 57, 76, 89, 0, 0, 10, 0, 242 ],
  [ 52, 57, 75, 89, 0, 0, 10, 0, 233 ],
  [ 52, 57, 75, 89, 0, 0, 10, 0, 8 ],
  [ 52, 57, 76, 89, 0, 0, 10, 0, 242 ],
  [ 52, 57, 75, 89, 0, 0, 10, 0, 233 ],
  [ 52, 57, 75, 89, 0, 0, 10, 0, 8 ],
  [ 52, 57, 76, 89, 0, 0, 10, 0, 233 ],
  [ 52, 57, 71, 89, 0, 0, 10, 0, 233 ],
  [ 52, 57, 74, 89, 0, 0, 10, 0, 242 ],
  [ 52, 57, 69, 89, 0, 0, 10, 0, 100 ],
  [ 52, 57, 69, 89, 10, 0, 0, 0, 8 ],
  [ 52, 57, 69, 89, 0, 10, 0, 0, 233 ],
  [ 52, 60, 69, 89, 0, 10, 0, 0, 233 ],
  [ 52, 60, 69, 89, 0, 10, 0, 0, 8 ],
  [ 52, 64, 71, 89, 0, 10, 0, 0, 242 ],
  [ 52, 64, 71, 89, 10, 0, 0, 0, 83 ],
  [ 52, 64, 71, 89, 0, 0, 10, 0, 8 ],
  [ 56, 64, 71, 89, 10, 0, 0, 0, 242 ],
  [ 56, 64, 71, 89, 0, 10, 0, 0, 233 ],
  [ 56, 64, 71, 89, 0, 10, 0, 0, 8 ],
  [ 56, 61, 68, 89, 0, 0, 10, 0, 233 ],
  [ 52, 62, 72, 89, 10, 0, 10, 0, 133 ],
  [ 57, 62, 72, 89, 10, 0, 0, 0, 233 ],
  [ 57, 64, 72, 89, 0, 10, 0, 0, 233 ],
  [ 57, 64, 72, 89, 0, 10, 0, 0, 8 ],
  [ 57, 64, 76, 89, 0, 0, 10, 0, 242 ],
  [ 57, 64, 75, 89, 0, 0, 10, 0, 233 ],
  [ 57, 64, 75, 89, 0, 0, 10, 0, 8 ],
  [ 57, 64, 76, 89, 0, 0, 10, 0, 242 ],
  [ 57, 64, 75, 89, 0, 0, 10, 0, 242 ],
  [ 57, 64, 76, 89, 0, 0, 10, 0, 242 ],
  [ 57, 64, 71, 89, 0, 0, 10, 0, 233 ],
  [ 57, 64, 71, 89, 0, 0, 10, 0, 8 ],
  [ 57, 64, 74, 89, 0, 0, 10, 0, 242 ],
  [ 52, 62, 69, 89, 10, 0, 10, 0, 75 ],
  [ 52, 61, 69, 89, 0, 0, 10, 0, 8 ],
  [ 52, 57, 69, 89, 0, 10, 0, 0, 242 ],
  [ 52, 60, 69, 89, 0, 10, 0, 0, 242 ],
  [ 52, 59, 71, 89, 0, 0, 10, 0, 133 ],
  [ 52, 58, 71, 89, 10, 0, 10, 0, 8 ],
  [ 52, 56, 71, 89, 0, 10, 0, 0, 233 ],
  [ 52, 56, 71, 89, 0, 10, 0, 0, 8 ],
  [ 52, 56, 72, 89, 0, 0, 10, 0, 242 ],
  [ 52, 60, 69, 89, 0, 10, 10, 0, 158 ],
  [ 52, 60, 69, 89, 10, 10, 0, 0, 8 ],
  [ 52, 57, 69, 89, 0, 10, 0, 0, 233 ],
  [ 52, 57, 69, 89, 0, 10, 0, 0, 8 ],
  [ 52, 57, 71, 89, 0, 0, 10, 0, 233 ],
  [ 52, 57, 71, 89, 0, 0, 10, 0, 8 ],
  [ 52, 57, 72, 89, 0, 0, 10, 0, 242 ],
  [ 51, 57, 74, 89, 0, 0, 10, 0, 233 ],
  [ 50, 57, 74, 89, 0, 0, 10, 0, 8 ],
  [ 48, 57, 74, 89, 10, 0, 0, 0, 183 ],
  [ 48, 56, 74, 89, 10, 0, 0, 0, 8 ],
  [ 48, 55, 74, 89, 0, 10, 0, 0, 133 ],
  [ 48, 55, 75, 89, 0, 10, 0, 0, 8 ],
  [ 48, 60, 76, 89, 0, 10, 10, 0, 233 ],
  [ 48, 67, 76, 89, 0, 10, 0, 0, 233 ],
  [ 55, 67, 75, 89, 10, 0, 0, 0, 150 ],
  [ 59, 66, 74, 89, 10, 0, 10, 0, 242 ],
  [ 59, 65, 74, 89, 0, 10, 0, 0, 233 ],
  [ 59, 65, 74, 89, 0, 10, 0, 0, 8 ],
  [ 59, 65, 76, 89, 0, 0, 10, 0, 233 ],
  [ 59, 65, 76, 89, 0, 0, 10, 0, 8 ],
  [ 52, 65, 75, 89, 10, 0, 0, 0, 217 ],
  [ 57, 65, 72, 89, 10, 0, 10, 0, 242 ],
  [ 57, 64, 72, 89, 0, 10, 0, 0, 242 ],
  [ 57, 64, 74, 89, 0, 0, 10, 0, 233 ],
  [ 57, 64, 74, 89, 0, 0, 10, 0, 8 ],
  [ 52, 64, 74, 89, 10, 0, 0, 0, 233 ],
  [ 52, 64, 74, 89, 10, 0, 0, 0, 8 ],
  [ 52, 64, 74, 89, 0, 10, 0, 0, 242 ],
  [ 52, 64, 74, 89, 0, 10, 0, 0, 242 ],
  [ 52, 64, 76, 89, 0, 0, 10, 0, 242 ],
  [ 52, 64, 76, 89, 0, 10, 0, 0, 242 ],
  [ 52, 64, 76, 89, 0, 0, 10, 0, 233 ],
  [ 52, 64, 76, 89, 0, 0, 10, 0, 8 ],
  [ 52, 64, 76, 89, 0, 0, 10, 0, 242 ],
  [ 52, 64, 76, 88, 0, 0, 0, 10, 108 ],
  [ 52, 64, 75, 88, 0, 0, 10, 0, 25 ],
  [ 52, 64, 75, 88, 0, 0, 10, 0, 8 ],
  [ 52, 64, 76, 88, 0, 0, 10, 0, 233 ],
  [ 52, 64, 75, 88, 0, 0, 10, 0, 242 ],
  [ 52, 64, 76, 88, 0, 0, 10, 0, 233 ],
  [ 52, 64, 76, 88, 0, 0, 10, 0, 8 ],
  [ 52, 64, 75, 88, 0, 0, 10, 0, 233 ],
  [ 52, 64, 75, 88, 0, 0, 10, 0, 8 ],
  [ 52, 64, 76, 88, 0, 0, 10, 0, 233 ],
  [ 52, 64, 75, 88, 0, 0, 10, 0, 242 ],
  [ 52, 64, 76, 88, 0, 0, 10, 0, 242 ],
  [ 52, 64, 75, 88, 0, 0, 10, 0, 242 ],
  [ 52, 64, 76, 88, 0, 0, 10, 0, 233 ],
  [ 52, 64, 75, 88, 0, 0, 10, 0, 233 ],
  [ 52, 64, 75, 88, 0, 0, 10, 0, 8 ],
  [ 52, 64, 76, 88, 0, 0, 10, 0, 233 ],
  [ 52, 64, 76, 88, 0, 0, 10, 0, 8 ],
  [ 52, 64, 71, 88, 0, 0, 10, 0, 242 ],
  [ 52, 64, 74, 88, 0, 0, 10, 0, 233 ],
  [ 52, 62, 69, 88, 10, 0, 10, 0, 108 ],
  [ 57, 62, 69, 88, 10, 0, 0, 0, 233 ],
  [ 57, 60, 69, 88, 0, 10, 0, 0, 242 ],
  [ 52, 59, 69, 88, 10, 0, 0, 0, 158 ],
  [ 52, 58, 71, 88, 0, 0, 10, 0, 8 ],
  [ 52, 56, 70, 88, 0, 10, 0, 0, 242 ],
  [ 52, 56, 64, 88, 0, 0, 10, 0, 242 ],
  [ 52, 56, 68, 88, 0, 0, 10, 0, 242 ],
  [ 52, 56, 68, 88, 10, 0, 0, 0, 133 ],
  [ 52, 56, 72, 88, 10, 0, 10, 0, 8 ],
  [ 52, 57, 72, 88, 0, 10, 0, 0, 233 ],
  [ 52, 64, 72, 88, 0, 10, 0, 0, 233 ],
  [ 52, 64, 72, 88, 0, 10, 0, 0, 8 ],
  [ 52, 64, 76, 88, 0, 0, 10, 0, 242 ],
  [ 52, 64, 75, 88, 0, 0, 10, 0, 242 ],
  [ 52, 64, 76, 88, 0, 0, 10, 0, 233 ],
  [ 52, 64, 76, 88, 0, 0, 10, 0, 8 ],
  [ 52, 64, 75, 88, 0, 0, 10, 0, 233 ],
  [ 52, 64, 75, 88, 0, 0, 10, 0, 8 ],
  [ 52, 64, 76, 88, 0, 0, 10, 0, 233 ],
  [ 52, 64, 76, 88, 0, 0, 10, 0, 8 ],
  [ 52, 64, 71, 88, 0, 0, 10, 0, 242 ],
  [ 52, 64, 74, 88, 0, 0, 10, 0, 233 ],
  [ 52, 62, 69, 88, 10, 0, 10, 0, 133 ],
  [ 57, 62, 69, 88, 10, 0, 0, 0, 233 ],
  [ 57, 60, 69, 88, 0, 10, 0, 0, 233 ],
  [ 57, 64, 71, 88, 0, 10, 0, 0, 233 ],
  [ 57, 64, 71, 88, 0, 10, 0, 0, 8 ],
  [ 52, 63, 71, 88, 10, 0, 10, 0, 192 ],
  [ 52, 56, 71, 88, 10, 10, 0, 0, 8 ],
  [ 52, 56, 72, 88, 0, 0, 10, 0, 242 ],
  [ 52, 60, 71, 88, 10, 10, 0, 0, 142 ],
  [ 52, 60, 69, 88, 0, 10, 10, 0, 8 ],
  [ 52, 57, 69, 88, 0, 10, 0, 0, 233 ],
  [ 52, 57, 71, 88, 0, 0, 10, 0, 242 ],
  [ 51, 57, 72, 88, 0, 0, 10, 0, 242 ],
  [ 50, 57, 74, 88, 0, 0, 10, 0, 242 ],
  [ 48, 56, 74, 88, 10, 0, 0, 0, 200 ],
  [ 48, 55, 75, 88, 0, 10, 0, 0, 175 ],
  [ 48, 60, 76, 88, 0, 10, 10, 0, 233 ],
  [ 48, 67, 76, 88, 0, 10, 0, 0, 242 ],
  [ 48, 67, 77, 88, 0, 0, 10, 0, 233 ],
  [ 55, 67, 76, 88, 10, 0, 0, 0, 125 ],
  [ 59, 67, 74, 88, 10, 0, 10, 0, 233 ],
  [ 59, 66, 74, 88, 10, 0, 10, 0, 8 ],
  [ 59, 65, 74, 88, 0, 10, 0, 0, 233 ],
  [ 59, 65, 74, 88, 0, 10, 0, 0, 8 ],
  [ 52, 65, 74, 88, 10, 0, 0, 0, 175 ],
  [ 52, 65, 73, 88, 10, 0, 0, 0, 8 ],
  [ 57, 65, 72, 88, 10, 0, 10, 0, 233 ],
  [ 57, 65, 72, 88, 10, 0, 10, 0, 8 ],
  [ 57, 64, 72, 88, 0, 10, 0, 0, 242 ],
  [ 56, 64, 71, 88, 0, 0, 10, 0, 100 ],
  [ 55, 64, 71, 88, 0, 0, 10, 0, 8 ],
  [ 52, 64, 71, 88, 10, 0, 0, 0, 117 ],
  [ 52, 64, 71, 88, 10, 0, 0, 0, 8 ],
  [ 52, 64, 71, 88, 0, 10, 0, 0, 242 ],
  [ 52, 64, 71, 88, 0, 10, 0, 0, 108 ],
  [ 52, 64, 72, 88, 0, 10, 0, 0, 8 ],
  [ 52, 64, 76, 88, 0, 0, 10, 0, 233 ],
  [ 52, 64, 76, 88, 0, 0, 10, 0, 8 ],
  [ 52, 64, 76, 88, 0, 10, 0, 0, 242 ],
  [ 52, 64, 76, 88, 0, 0, 10, 0, 242 ],
  [ 52, 64, 76, 88, 0, 0, 10, 0, 108 ],
  [ 52, 64, 76, 88, 0, 0, 10, 0, 8 ],
  [ 52, 64, 76, 88, 0, 0, 0, 10, 25 ],
  [ 52, 64, 75, 88, 0, 0, 10, 0, 108 ],
  [ 52, 64, 75, 88, 0, 0, 10, 0, 8 ],
  [ 52, 64, 76, 88, 0, 0, 10, 0, 233 ],
  [ 52, 64, 75, 88, 0, 0, 10, 0, 117 ],
  [ 52, 64, 76, 88, 0, 0, 10, 0, 233 ],
  [ 52, 64, 75, 88, 0, 0, 10, 0, 242 ],
  [ 52, 64, 76, 88, 0, 0, 10, 0, 233 ],
  [ 52, 64, 75, 88, 0, 0, 10, 0, 117 ],
  [ 52, 64, 76, 88, 0, 0, 10, 0, 233 ],
  [ 52, 64, 76, 88, 0, 0, 10, 0, 8 ],
  [ 52, 64, 75, 88, 0, 0, 10, 0, 108 ],
  [ 52, 64, 75, 88, 0, 0, 10, 0, 8 ],
  [ 52, 64, 76, 88, 0, 0, 10, 0, 242 ],
  [ 52, 64, 75, 88, 0, 0, 10, 0, 242 ],
  [ 52, 64, 76, 88, 0, 0, 10, 0, 233 ],
  [ 52, 64, 76, 88, 0, 0, 10, 0, 8 ],
  [ 52, 64, 71, 88, 0, 0, 10, 0, 233 ],
  [ 52, 64, 74, 88, 0, 0, 10, 0, 242 ],
  [ 52, 62, 69, 88, 0, 0, 10, 0, 108 ],
  [ 52, 62, 69, 88, 0, 0, 10, 0, 8 ],
  [ 52, 61, 69, 88, 10, 0, 0, 0, 108 ],
  [ 52, 60, 69, 88, 10, 0, 0, 0, 8 ],
  [ 52, 57, 69, 88, 0, 10, 0, 0, 233 ],
  [ 52, 60, 69, 88, 0, 10, 0, 0, 233 ],
  [ 52, 60, 69, 88, 0, 10, 0, 0, 8 ],
  [ 52, 59, 71, 88, 0, 0, 10, 0, 150 ],
  [ 52, 59, 70, 88, 10, 0, 0, 0, 8 ],
  [ 52, 56, 69, 88, 0, 10, 0, 0, 233 ],
  [ 52, 56, 64, 87, 0, 0, 10, 0, 233 ],
  [ 52, 56, 68, 86, 0, 0, 10, 0, 233 ],
  [ 52, 56, 72, 86, 10, 0, 10, 0, 217 ],
  [ 52, 56, 72, 86, 10, 0, 10, 0, 8 ],
  [ 52, 57, 71, 86, 0, 10, 0, 0, 233 ],
  [ 52, 57, 70, 86, 0, 10, 0, 0, 8 ],
  [ 52, 57, 64, 85, 0, 0, 10, 0, 108 ],
  [ 52, 57, 64, 84, 0, 0, 10, 0, 8 ],
  [ 52, 57, 64, 76, 0, 0, 0, 10, 242 ],
  [ 52, 57, 64, 75, 0, 0, 0, 10, 242 ],
  [ 52, 57, 64, 76, 0, 0, 0, 10, 242 ],
  [ 52, 57, 64, 75, 0, 0, 0, 10, 242 ],
  [ 52, 57, 64, 76, 0, 0, 0, 10, 233 ],
  [ 52, 57, 64, 76, 0, 0, 0, 10, 8 ],
  [ 52, 57, 64, 71, 0, 0, 0, 10, 233 ],
  [ 52, 57, 64, 71, 0, 0, 0, 10, 8 ],
  [ 52, 57, 64, 74, 0, 0, 0, 10, 233 ],
  [ 52, 57, 64, 69, 0, 0, 0, 10, 50 ],
  [ 52, 57, 64, 69, 10, 0, 0, 0, 125 ],
  [ 52, 57, 65, 69, 0, 10, 0, 0, 242 ],
  [ 52, 60, 67, 70, 0, 10, 0, 0, 233 ],
  [ 52, 60, 67, 70, 0, 10, 0, 0, 8 ],
  [ 52, 59, 67, 71, 10, 0, 0, 10, 92 ],
  [ 52, 58, 67, 71, 10, 0, 0, 10, 8 ],
  [ 52, 56, 66, 71, 0, 10, 0, 0, 233 ],
  [ 52, 56, 65, 71, 0, 10, 0, 0, 8 ],
  [ 52, 55, 62, 71, 0, 0, 10, 0, 242 ],
  [ 52, 55, 62, 72, 0, 0, 0, 10, 233 ],
  [ 52, 55, 62, 72, 0, 0, 0, 10, 8 ],
  [ 50, 53, 60, 69, 0, 0, 10, 10, 92 ],
  [ 50, 53, 60, 69, 0, 0, 10, 10, 8 ],
  [ 49, 52, 61, 69, 0, 10, 0, 0, 117 ],
  [ 49, 53, 65, 72, 0, 0, 10, 10, 108 ],
  [ 48, 53, 65, 72, 0, 10, 0, 0, 233 ],
  [ 48, 57, 66, 72, 0, 10, 0, 0, 242 ],
  [ 48, 60, 67, 72, 0, 10, 0, 0, 242 ],
  [ 48, 59, 67, 72, 0, 0, 0, 10, 108 ],
  [ 48, 58, 67, 72, 0, 0, 0, 10, 8 ],
  [ 48, 57, 67, 73, 0, 10, 0, 0, 125 ],
  [ 48, 60, 67, 74, 0, 10, 0, 0, 242 ],
  [ 48, 59, 67, 77, 0, 0, 0, 10, 108 ],
  [ 48, 58, 67, 77, 0, 0, 0, 10, 8 ],
  [ 48, 57, 67, 76, 0, 10, 0, 10, 117 ],
  [ 48, 53, 67, 76, 0, 10, 0, 0, 183 ],
  [ 48, 53, 67, 76, 0, 10, 0, 0, 8 ],
  [ 48, 58, 67, 76, 0, 10, 0, 10, 192 ],
  [ 48, 58, 68, 76, 0, 10, 0, 10, 8 ],
  [ 48, 62, 69, 76, 0, 10, 0, 0, 233 ],
  [ 48, 62, 69, 75, 0, 10, 0, 0, 8 ],
  [ 48, 58, 69, 74, 0, 10, 0, 10, 108 ],
  [ 48, 62, 69, 75, 0, 10, 0, 0, 233 ],
  [ 48, 62, 69, 76, 0, 10, 0, 0, 8 ],
  [ 48, 61, 69, 82, 0, 0, 0, 10, 108 ],
  [ 48, 58, 69, 82, 0, 10, 0, 0, 108 ],
  [ 49, 58, 69, 81, 0, 10, 0, 10, 8 ],
  [ 53, 58, 69, 81, 10, 0, 0, 0, 200 ],
  [ 53, 58, 69, 76, 0, 0, 0, 10, 233 ],
  [ 53, 62, 72, 76, 0, 10, 10, 0, 242 ],
  [ 53, 61, 72, 76, 10, 0, 0, 0, 225 ],
  [ 53, 60, 72, 76, 10, 0, 0, 0, 8 ],
  [ 53, 57, 70, 76, 0, 10, 10, 0, 225 ],
  [ 53, 57, 70, 76, 0, 10, 0, 0, 8 ],
  [ 53, 60, 70, 76, 0, 10, 0, 0, 233 ],
  [ 53, 60, 70, 76, 0, 10, 0, 0, 8 ],
  [ 53, 59, 69, 76, 0, 0, 10, 0, 108 ],
  [ 53, 58, 69, 76, 0, 0, 10, 0, 8 ],
  [ 53, 57, 70, 76, 0, 10, 10, 0, 108 ],
  [ 54, 57, 70, 76, 0, 10, 10, 0, 8 ],
  [ 54, 58, 69, 76, 0, 0, 10, 0, 117 ],
  [ 54, 60, 68, 76, 0, 10, 0, 0, 108 ],
  [ 54, 60, 67, 76, 0, 10, 10, 0, 8 ],
  [ 54, 59, 69, 76, 0, 0, 10, 0, 108 ],
  [ 54, 57, 69, 76, 0, 10, 0, 0, 17 ],
  [ 54, 57, 70, 76, 0, 10, 10, 0, 8 ],
  [ 53, 57, 70, 76, 10, 0, 0, 0, 233 ],
  [ 53, 57, 70, 76, 0, 10, 0, 0, 167 ],
  [ 53, 57, 70, 76, 0, 10, 0, 0, 8 ],
  [ 53, 60, 70, 76, 0, 10, 0, 0, 242 ],
  [ 53, 59, 72, 76, 0, 0, 10, 0, 233 ],
  [ 53, 57, 72, 75, 0, 10, 10, 0, 8 ],
  [ 53, 60, 71, 74, 0, 10, 0, 10, 233 ],
  [ 53, 59, 71, 74, 0, 0, 0, 10, 8 ],
  [ 53, 58, 71, 75, 0, 0, 0, 10, 233 ],
  [ 53, 57, 71, 75, 0, 10, 0, 10, 8 ],
  [ 52, 57, 71, 75, 10, 0, 0, 0, 242 ],
  [ 52, 57, 71, 75, 0, 10, 0, 0, 183 ],
  [ 52, 57, 71, 76, 0, 0, 0, 10, 125 ],
  [ 52, 60, 71, 76, 0, 10, 0, 0, 117 ],
  [ 52, 57, 71, 76, 0, 10, 0, 10, 233 ],
  [ 51, 57, 71, 76, 0, 10, 0, 10, 8 ],
  [ 51, 55, 71, 76, 0, 10, 0, 0, 8 ],
  [ 51, 55, 72, 76, 0, 0, 10, 0, 108 ],
  [ 51, 55, 72, 76, 0, 0, 10, 0, 8 ],
  [ 51, 55, 64, 76, 0, 0, 10, 0, 117 ],
  [ 51, 55, 64, 75, 0, 0, 10, 0, 8 ],
  [ 51, 55, 64, 74, 0, 0, 0, 10, 117 ],
  [ 51, 55, 64, 73, 0, 10, 0, 0, 108 ],
  [ 51, 55, 64, 72, 0, 10, 0, 10, 8 ],
  [ 51, 55, 64, 71, 0, 0, 0, 10, 108 ],
  [ 51, 55, 64, 71, 0, 0, 0, 10, 8 ],
  [ 51, 55, 64, 72, 0, 0, 10, 10, 108 ],
  [ 51, 55, 64, 72, 0, 10, 0, 0, 75 ],
  [ 51, 55, 64, 73, 0, 10, 0, 0, 8 ],
  [ 51, 55, 64, 74, 0, 0, 0, 10, 108 ],
  [ 51, 55, 64, 71, 0, 0, 0, 10, 17 ],
  [ 51, 55, 65, 71, 0, 0, 10, 0, 8 ],
  [ 51, 55, 66, 72, 0, 0, 0, 10, 117 ],
  [ 60, 64, 71, 79, 10, 10, 0, 10, 108 ],
  [ 60, 64, 71, 79, 10, 10, 0, 10, 8 ],
  [ 60, 67, 74, 79, 0, 10, 0, 0, 117 ],
  [ 60, 67, 74, 79, 0, 0, 0, 10, 108 ],
  [ 60, 67, 75, 79, 0, 0, 0, 10, 8 ],
  [ 60, 69, 76, 79, 0, 10, 0, 0, 108 ],
  [ 60, 69, 76, 79, 0, 10, 0, 0, 8 ],
  [ 60, 69, 76, 79, 0, 0, 0, 10, 108 ],
  [ 60, 71, 78, 81, 0, 10, 0, 0, 108 ],
  [ 61, 72, 79, 82, 0, 10, 0, 0, 108 ],
  [ 62, 72, 79, 82, 0, 10, 0, 0, 8 ],
  [ 64, 67, 79, 82, 10, 10, 0, 0, 108 ],
  [ 64, 67, 79, 84, 0, 0, 0, 10, 108 ],
  [ 64, 67, 79, 84, 0, 0, 0, 10, 8 ],
  [ 64, 67, 80, 83, 0, 0, 0, 10, 117 ],
  [ 64, 67, 81, 84, 0, 0, 10, 0, 33 ],
  [ 64, 67, 81, 84, 0, 0, 10, 0, 8 ],
  [ 64, 67, 79, 84, 0, 0, 10, 0, 108 ],
  [ 63, 67, 77, 84, 0, 0, 10, 0, 8 ],
  [ 62, 67, 74, 84, 0, 0, 10, 0, 8 ],
  [ 55, 59, 74, 79, 10, 10, 0, 10, 117 ],
  [ 55, 59, 74, 77, 0, 0, 0, 10, 108 ],
  [ 55, 59, 74, 77, 0, 0, 0, 10, 8 ],
  [ 55, 59, 74, 77, 0, 0, 10, 0, 67 ],
  [ 55, 59, 74, 77, 0, 0, 10, 0, 8 ],
  [ 55, 59, 72, 77, 0, 0, 10, 0, 117 ],
  [ 55, 60, 71, 77, 0, 10, 0, 0, 50 ],
  [ 55, 60, 70, 79, 0, 10, 0, 10, 8 ],
  [ 55, 60, 67, 79, 0, 0, 10, 0, 108 ],
  [ 55, 60, 67, 79, 0, 0, 10, 0, 8 ],
  [ 55, 60, 68, 79, 0, 0, 0, 10, 117 ],
  [ 55, 60, 69, 79, 0, 0, 10, 0, 33 ],
  [ 55, 60, 69, 79, 0, 0, 0, 10, 108 ],
  [ 55, 60, 70, 79, 0, 0, 0, 10, 8 ],
  [ 55, 60, 72, 79, 0, 0, 10, 0, 42 ],
  [ 55, 60, 72, 84, 0, 0, 0, 10, 83 ],
  [ 55, 60, 72, 83, 0, 0, 0, 10, 117 ],
  [ 55, 60, 72, 81, 0, 0, 0, 10, 108 ],
  [ 54, 60, 72, 81, 0, 0, 0, 10, 8 ],
  [ 54, 59, 72, 79, 0, 0, 0, 10, 67 ],
  [ 53, 57, 72, 79, 10, 10, 0, 10, 8 ],
  [ 53, 57, 72, 77, 0, 0, 0, 10, 108 ],
  [ 53, 57, 73, 76, 0, 0, 0, 10, 100 ],
  [ 53, 58, 74, 77, 0, 0, 10, 0, 17 ],
  [ 55, 59, 74, 78, 10, 10, 0, 0, 108 ],
  [ 55, 59, 74, 79, 10, 10, 0, 10, 8 ],
  [ 55, 59, 74, 77, 0, 0, 0, 10, 117 ],
  [ 55, 59, 74, 77, 0, 0, 10, 0, 75 ],
  [ 55, 59, 73, 76, 0, 0, 0, 10, 75 ],
  [ 55, 59, 73, 76, 0, 0, 0, 10, 8 ],
  [ 55, 59, 73, 77, 0, 0, 0, 10, 108 ],
  [ 55, 59, 73, 77, 0, 0, 0, 10, 8 ],
  [ 55, 59, 73, 76, 0, 0, 0, 10, 117 ],
  [ 55, 59, 72, 75, 0, 10, 0, 10, 117 ],
  [ 56, 59, 72, 75, 10, 10, 0, 0, 8 ],
  [ 56, 59, 72, 76, 0, 0, 0, 10, 117 ],
  [ 56, 59, 71, 76, 0, 0, 10, 0, 117 ],
  [ 56, 59, 71, 76, 0, 0, 0, 10, 108 ],
  [ 56, 59, 71, 76, 0, 0, 0, 10, 8 ],
  [ 56, 59, 71, 75, 0, 0, 0, 10, 108 ],
  [ 56, 59, 71, 75, 0, 0, 0, 10, 8 ],
  [ 56, 59, 71, 76, 0, 0, 0, 10, 117 ],
  [ 56, 59, 71, 76, 0, 0, 10, 0, 108 ],
  [ 56, 59, 71, 76, 0, 0, 10, 0, 8 ],
  [ 56, 59, 71, 76, 0, 0, 0, 10, 83 ],
  [ 56, 59, 71, 75, 0, 0, 0, 10, 108 ],
  [ 56, 59, 71, 75, 0, 0, 0, 10, 8 ],
  [ 56, 59, 71, 76, 0, 0, 0, 10, 742 ],
  [ 56, 59, 71, 76, 0, 0, 10, 0, 233 ],
  [ 56, 59, 71, 76, 0, 0, 10, 0, 8 ],
  [ 56, 59, 71, 76, 0, 0, 0, 10, 233 ],
  [ 56, 59, 71, 76, 0, 0, 0, 10, 8 ],
  [ 56, 59, 71, 75, 0, 0, 0, 10, 233 ],
  [ 56, 59, 71, 75, 0, 0, 0, 10, 8 ],
  [ 56, 59, 71, 76, 0, 0, 0, 10, 392 ],
  [ 56, 59, 71, 76, 0, 0, 10, 0, 242 ],
  [ 56, 59, 71, 76, 0, 0, 0, 10, 242 ],
  [ 56, 59, 71, 75, 0, 0, 0, 10, 233 ],
  [ 56, 59, 71, 76, 0, 0, 0, 10, 208 ],
  [ 56, 59, 71, 76, 0, 0, 0, 10, 8 ],
  [ 56, 59, 71, 75, 0, 0, 0, 10, 200 ],
  [ 56, 59, 71, 76, 0, 0, 0, 10, 242 ],
  [ 56, 59, 71, 75, 0, 0, 0, 10, 242 ],
  [ 56, 59, 71, 76, 0, 0, 0, 10, 233 ],
  [ 56, 59, 71, 75, 0, 0, 0, 10, 242 ],
  [ 56, 59, 71, 76, 0, 0, 0, 10, 242 ],
  [ 56, 59, 71, 75, 0, 0, 0, 10, 233 ],
  [ 56, 59, 71, 76, 0, 0, 0, 10, 242 ],
  [ 56, 59, 71, 75, 0, 0, 10, 0, 242 ],
  [ 56, 59, 71, 74, 0, 0, 0, 10, 233 ],
  [ 56, 59, 71, 74, 0, 0, 0, 10, 8 ],
  [ 52, 58, 69, 74, 10, 0, 10, 0, 167 ],
  [ 52, 57, 69, 74, 0, 10, 0, 0, 233 ],
  [ 52, 60, 69, 74, 0, 10, 0, 0, 233 ],
  [ 52, 60, 69, 74, 0, 10, 0, 0, 8 ],
  [ 52, 64, 71, 74, 0, 10, 0, 0, 242 ],
  [ 52, 64, 71, 74, 10, 0, 0, 0, 192 ],
  [ 52, 64, 71, 74, 10, 0, 10, 0, 8 ],
  [ 56, 64, 71, 74, 10, 0, 0, 0, 233 ],
  [ 56, 64, 71, 74, 0, 10, 0, 0, 242 ],
  [ 56, 61, 68, 73, 0, 0, 10, 0, 233 ],
  [ 55, 61, 68, 72, 0, 0, 0, 10, 225 ],
  [ 52, 60, 68, 72, 10, 0, 0, 0, 8 ],
  [ 52, 57, 67, 72, 0, 10, 0, 0, 242 ],
  [ 52, 57, 64, 73, 0, 0, 10, 0, 233 ],
  [ 52, 57, 64, 74, 0, 0, 10, 0, 8 ],
  [ 52, 57, 64, 76, 0, 0, 0, 10, 242 ],
  [ 52, 57, 64, 75, 0, 0, 0, 10, 233 ],
  [ 52, 57, 64, 75, 0, 0, 0, 10, 8 ],
  [ 52, 57, 64, 76, 0, 0, 0, 10, 242 ],
  [ 52, 57, 64, 75, 0, 0, 0, 10, 242 ],
  [ 52, 57, 64, 76, 0, 0, 0, 10, 242 ],
  [ 52, 57, 64, 71, 0, 0, 0, 10, 242 ],
  [ 52, 57, 64, 74, 0, 0, 0, 10, 233 ],
  [ 52, 57, 69, 74, 10, 0, 10, 0, 142 ],
  [ 52, 57, 69, 74, 10, 10, 10, 0, 8 ],
  [ 52, 60, 69, 74, 0, 10, 0, 0, 233 ],
  [ 52, 61, 71, 74, 10, 0, 10, 0, 158 ],
  [ 56, 61, 71, 74, 10, 0, 0, 0, 242 ],
  [ 52, 61, 70, 74, 10, 0, 0, 0, 192 ],
  [ 52, 60, 69, 74, 0, 10, 10, 0, 8 ],
  [ 52, 57, 69, 74, 0, 10, 0, 0, 233 ],
  [ 52, 57, 71, 74, 0, 0, 10, 0, 242 ],
  [ 52, 57, 72, 75, 0, 0, 10, 0, 242 ],
  [ 51, 57, 71, 74, 0, 0, 0, 10, 233 ],
  [ 50, 57, 71, 74, 0, 0, 0, 10, 8 ],
  [ 48, 57, 71, 74, 10, 0, 0, 0, 217 ],
  [ 48, 56, 71, 74, 10, 0, 0, 0, 8 ],
  [ 48, 55, 71, 74, 0, 10, 0, 0, 158 ],
  [ 48, 55, 71, 75, 0, 10, 0, 0, 8 ],
  [ 48, 60, 70, 76, 0, 10, 0, 10, 233 ],
  [ 48, 60, 69, 76, 0, 10, 0, 10, 8 ],
  [ 48, 60, 67, 76, 0, 0, 10, 0, 242 ],
  [ 48, 55, 67, 76, 0, 10, 0, 0, 183 ],
  [ 48, 59, 67, 75, 0, 10, 0, 0, 242 ],
  [ 48, 59, 66, 74, 0, 0, 0, 10, 8 ],
  [ 48, 58, 65, 75, 0, 0, 10, 0, 242 ],
  [ 52, 58, 65, 74, 10, 0, 0, 0, 192 ],
  [ 52, 58, 65, 73, 10, 0, 0, 0, 8 ],
  [ 52, 57, 65, 72, 0, 10, 0, 10, 233 ],
  [ 52, 57, 65, 72, 0, 10, 0, 10, 8 ],
  [ 52, 57, 64, 73, 0, 0, 10, 0, 242 ],
  [ 52, 57, 64, 74, 0, 0, 0, 10, 233 ],
  [ 52, 57, 64, 74, 10, 0, 0, 0, 225 ],
  [ 52, 57, 64, 74, 0, 0, 10, 0, 233 ],
  [ 52, 57, 64, 74, 0, 0, 10, 0, 233 ],
  [ 52, 57, 64, 75, 0, 0, 10, 0, 8 ],
  [ 52, 57, 64, 76, 0, 0, 0, 10, 242 ],
  [ 52, 57, 64, 76, 0, 0, 10, 0, 242 ],
  [ 52, 57, 64, 76, 0, 0, 0, 10, 242 ],
  [ 52, 57, 65, 76, 0, 0, 0, 10, 242 ],
  [ 52, 57, 66, 88, 0, 0, 0, 10, 233 ],
  [ 52, 57, 75, 88, 0, 0, 10, 0, 75 ],
  [ 52, 57, 76, 88, 0, 0, 10, 0, 25 ],
  [ 52, 57, 75, 88, 0, 0, 10, 0, 233 ],
  [ 52, 57, 75, 88, 0, 0, 10, 0, 8 ],
  [ 52, 57, 76, 88, 0, 0, 10, 0, 242 ],
  [ 52, 57, 75, 88, 0, 0, 10, 0, 233 ],
  [ 52, 57, 76, 88, 0, 0, 10, 0, 233 ],
  [ 52, 57, 75, 88, 0, 0, 10, 0, 233 ],
  [ 52, 57, 75, 88, 0, 0, 10, 0, 8 ],
  [ 52, 57, 76, 88, 0, 0, 10, 0, 233 ],
  [ 52, 57, 76, 88, 0, 0, 10, 0, 8 ],
  [ 52, 57, 75, 88, 0, 0, 10, 0, 233 ],
  [ 52, 57, 76, 88, 0, 0, 10, 0, 242 ],
  [ 52, 57, 75, 88, 0, 0, 10, 0, 242 ],
  [ 52, 57, 76, 88, 0, 0, 10, 0, 233 ],
  [ 52, 57, 76, 88, 0, 0, 10, 0, 8 ],
  [ 52, 57, 71, 88, 0, 0, 10, 0, 242 ],
  [ 52, 57, 74, 88, 0, 0, 10, 0, 242 ],
  [ 52, 57, 73, 88, 10, 0, 0, 0, 150 ],
  [ 52, 57, 72, 88, 10, 0, 0, 0, 8 ],
  [ 52, 57, 69, 88, 0, 0, 10, 0, 233 ],
  [ 52, 57, 69, 88, 0, 10, 10, 0, 8 ],
  [ 52, 60, 69, 88, 0, 10, 0, 0, 242 ],
  [ 52, 59, 69, 88, 10, 0, 0, 0, 175 ],
  [ 52, 56, 71, 88, 10, 10, 10, 0, 8 ],
  [ 52, 56, 64, 88, 0, 0, 10, 0, 242 ],
  [ 52, 56, 68, 88, 0, 0, 10, 0, 242 ],
  [ 52, 56, 72, 88, 10, 0, 10, 0, 142 ],
  [ 52, 57, 72, 88, 0, 10, 0, 0, 242 ],
  [ 52, 64, 72, 88, 0, 10, 0, 0, 233 ],
  [ 52, 64, 72, 88, 0, 10, 0, 0, 8 ],
  [ 52, 64, 76, 88, 0, 0, 10, 0, 242 ],
  [ 52, 64, 75, 88, 0, 0, 10, 0, 233 ],
  [ 52, 64, 75, 88, 0, 0, 10, 0, 8 ],
  [ 52, 64, 76, 88, 0, 0, 10, 0, 233 ],
  [ 52, 64, 76, 88, 0, 0, 10, 0, 8 ],
  [ 52, 64, 75, 88, 0, 0, 10, 0, 242 ],
  [ 52, 64, 76, 88, 0, 0, 10, 0, 242 ],
  [ 52, 64, 71, 88, 0, 0, 10, 0, 242 ],
  [ 52, 63, 71, 88, 10, 0, 0, 0, 58 ],
  [ 52, 63, 70, 88, 10, 0, 0, 0, 8 ],
  [ 57, 62, 69, 88, 10, 0, 10, 0, 233 ],
  [ 57, 61, 69, 88, 10, 0, 10, 0, 8 ],
  [ 57, 60, 69, 88, 0, 10, 0, 0, 242 ],
  [ 57, 64, 71, 88, 0, 10, 0, 0, 233 ],
  [ 52, 64, 71, 88, 10, 0, 10, 0, 83 ],
  [ 56, 64, 71, 88, 10, 0, 0, 0, 233 ],
  [ 56, 64, 71, 88, 10, 0, 0, 0, 8 ],
  [ 56, 64, 72, 88, 0, 0, 10, 0, 233 ],
  [ 60, 64, 72, 87, 10, 10, 0, 0, 8 ],
  [ 52, 56, 64, 71, 10, 10, 10, 10, 125 ],
  [ 52, 56, 64, 71, 0, 10, 0, 10, 8 ],
  [ 52, 57, 65, 71, 0, 10, 0, 0, 133 ],
  [ 52, 57, 65, 69, 0, 0, 0, 10, 8 ],
  [ 52, 57, 65, 72, 0, 0, 0, 10, 150 ],
  [ 52, 57, 65, 72, 0, 0, 0, 10, 8 ],
  [ 52, 57, 65, 76, 0, 0, 0, 10, 158 ],
  [ 52, 57, 65, 74, 0, 0, 0, 10, 150 ],
  [ 52, 57, 65, 74, 0, 0, 0, 10, 8 ],
  [ 52, 57, 65, 74, 0, 10, 0, 0, 75 ],
  [ 52, 57, 64, 73, 0, 10, 10, 0, 8 ],
  [ 52, 57, 65, 72, 0, 0, 0, 10, 75 ],
  [ 52, 57, 66, 71, 0, 0, 0, 10, 150 ],
  [ 53, 60, 67, 71, 0, 10, 0, 10, 8 ],
  [ 53, 60, 67, 72, 0, 0, 0, 10, 83 ],
  [ 53, 60, 67, 76, 0, 0, 0, 10, 158 ],
  [ 53, 60, 67, 81, 0, 0, 0, 10, 150 ],
  [ 53, 60, 67, 81, 0, 0, 0, 10, 8 ],
  [ 53, 60, 67, 84, 0, 0, 0, 10, 158 ],
  [ 54, 60, 67, 88, 0, 0, 0, 10, 158 ],
  [ 55, 60, 67, 86, 0, 0, 0, 10, 150 ],
  [ 57, 60, 68, 86, 10, 10, 0, 0, 67 ],
  [ 57, 64, 71, 85, 0, 10, 0, 0, 8 ],
  [ 57, 64, 71, 84, 0, 0, 0, 10, 75 ],
  [ 60, 64, 71, 84, 10, 0, 0, 0, 8 ],
  [ 60, 64, 71, 84, 0, 0, 0, 10, 75 ],
  [ 60, 64, 71, 84, 0, 0, 0, 10, 8 ],
  [ 60, 64, 71, 88, 0, 0, 0, 10, 158 ],
  [ 57, 64, 71, 89, 10, 0, 0, 0, 8 ],
  [ 57, 64, 71, 93, 0, 0, 0, 10, 42 ],
  [ 57, 64, 71, 93, 0, 0, 0, 10, 8 ],
  [ 57, 64, 71, 92, 0, 0, 0, 10, 158 ],
  [ 57, 64, 71, 91, 0, 0, 0, 10, 150 ],
  [ 57, 64, 71, 91, 0, 0, 0, 10, 8 ],
  [ 57, 64, 71, 90, 0, 0, 0, 10, 158 ],
  [ 57, 64, 71, 89, 0, 0, 0, 10, 158 ],
  [ 57, 64, 71, 88, 0, 0, 0, 10, 150 ],
  [ 57, 64, 71, 88, 0, 0, 0, 10, 8 ],
  [ 57, 64, 71, 87, 0, 0, 0, 10, 150 ],
  [ 57, 64, 71, 87, 0, 0, 0, 10, 8 ],
  [ 57, 64, 71, 86, 0, 0, 0, 10, 158 ],
  [ 57, 64, 71, 85, 0, 0, 0, 10, 158 ],
  [ 57, 64, 71, 84, 0, 0, 0, 10, 150 ],
  [ 57, 64, 71, 84, 0, 0, 0, 10, 8 ],
  [ 57, 64, 71, 83, 0, 0, 0, 10, 158 ],
  [ 57, 64, 71, 82, 0, 0, 0, 10, 158 ],
  [ 57, 64, 71, 81, 0, 0, 0, 10, 150 ],
  [ 57, 64, 71, 81, 0, 0, 0, 10, 8 ],
  [ 57, 64, 71, 80, 0, 0, 0, 10, 158 ],
  [ 57, 64, 71, 79, 0, 0, 0, 10, 150 ],
  [ 57, 64, 71, 79, 0, 0, 0, 10, 8 ],
  [ 57, 64, 71, 78, 0, 0, 0, 10, 158 ],
  [ 57, 64, 71, 77, 0, 0, 0, 10, 150 ],
  [ 57, 64, 71, 77, 0, 0, 0, 10, 8 ],
  [ 57, 64, 71, 76, 0, 0, 0, 10, 242 ],
  [ 57, 64, 71, 75, 0, 0, 0, 10, 233 ],
  [ 57, 64, 71, 75, 0, 0, 0, 10, 8 ],
  [ 57, 64, 71, 76, 0, 0, 0, 10, 242 ],
  [ 57, 64, 71, 76, 0, 0, 10, 0, 233 ],
  [ 57, 64, 71, 75, 0, 0, 10, 0, 8 ],
  [ 52, 62, 69, 75, 10, 0, 10, 0, 142 ],
  [ 57, 62, 69, 75, 10, 0, 0, 0, 233 ],
  [ 57, 61, 69, 75, 10, 0, 0, 0, 8 ],
  [ 57, 60, 69, 75, 0, 10, 0, 0, 242 ],
  [ 52, 59, 71, 75, 10, 0, 10, 0, 50 ],
  [ 52, 58, 71, 75, 10, 0, 0, 0, 8 ],
  [ 52, 56, 70, 75, 0, 10, 0, 0, 233 ],
  [ 52, 56, 69, 75, 0, 10, 0, 0, 8 ],
  [ 52, 56, 64, 74, 0, 0, 10, 0, 242 ],
  [ 52, 56, 64, 73, 10, 0, 0, 0, 100 ],
  [ 52, 56, 64, 72, 0, 0, 0, 10, 8 ],
  [ 52, 57, 64, 73, 0, 10, 0, 0, 242 ],
  [ 52, 57, 64, 74, 0, 0, 10, 0, 233 ],
  [ 52, 57, 64, 76, 0, 0, 0, 10, 242 ],
  [ 52, 57, 64, 75, 0, 0, 0, 10, 242 ],
  [ 52, 57, 64, 76, 0, 0, 0, 10, 233 ],
  [ 52, 57, 64, 75, 0, 0, 0, 10, 242 ],
  [ 52, 57, 64, 76, 0, 0, 0, 10, 233 ],
  [ 52, 57, 64, 76, 0, 0, 0, 10, 8 ],
  [ 52, 57, 64, 71, 0, 0, 0, 10, 233 ],
  [ 52, 57, 65, 69, 0, 0, 0, 10, 17 ],
  [ 52, 57, 65, 69, 10, 10, 0, 10, 8 ],
  [ 52, 60, 67, 70, 0, 10, 0, 0, 242 ],
  [ 52, 59, 66, 71, 10, 0, 0, 10, 75 ],
  [ 52, 56, 65, 71, 0, 10, 0, 0, 233 ],
  [ 52, 55, 62, 71, 0, 0, 10, 0, 233 ],
  [ 52, 55, 62, 71, 0, 0, 10, 0, 8 ],
  [ 52, 55, 62, 71, 0, 0, 0, 10, 242 ],
  [ 52, 55, 62, 72, 0, 0, 0, 10, 233 ],
  [ 51, 55, 62, 72, 0, 0, 0, 10, 8 ],
  [ 50, 55, 62, 74, 0, 0, 0, 10, 242 ],
  [ 48, 55, 62, 74, 10, 0, 0, 0, 217 ],
  [ 48, 55, 62, 75, 0, 10, 0, 0, 117 ],
  [ 48, 54, 61, 76, 0, 0, 0, 10, 233 ],
  [ 48, 53, 60, 76, 0, 0, 10, 0, 8 ],
  [ 48, 53, 67, 76, 0, 0, 10, 0, 242 ],
  [ 48, 53, 67, 77, 0, 0, 0, 10, 242 ],
  [ 48, 55, 67, 76, 0, 10, 0, 0, 158 ],
  [ 48, 55, 67, 75, 0, 10, 0, 0, 8 ],
  [ 48, 59, 67, 74, 0, 10, 0, 10, 233 ],
  [ 48, 59, 66, 74, 0, 10, 0, 0, 8 ],
  [ 48, 58, 65, 75, 0, 0, 10, 0, 242 ],
  [ 48, 58, 65, 76, 0, 0, 0, 10, 233 ],
  [ 48, 58, 65, 76, 0, 0, 0, 10, 8 ],
  [ 52, 58, 65, 75, 10, 0, 0, 0, 233 ],
  [ 52, 57, 65, 74, 0, 10, 0, 0, 208 ],
  [ 52, 57, 65, 72, 0, 10, 0, 10, 8 ],
  [ 52, 57, 64, 73, 0, 0, 10, 0, 242 ],
  [ 52, 57, 64, 73, 10, 0, 0, 0, 192 ],
  [ 52, 57, 64, 73, 10, 0, 0, 0, 8 ],
  [ 52, 57, 64, 74, 0, 0, 10, 0, 242 ],
  [ 52, 57, 64, 75, 0, 0, 10, 0, 233 ],
  [ 52, 57, 64, 76, 0, 0, 0, 10, 233 ],
  [ 52, 57, 64, 76, 0, 0, 10, 0, 242 ],
  [ 52, 57, 64, 76, 0, 0, 0, 10, 242 ],
  [ 52, 57, 65, 76, 0, 0, 0, 10, 242 ],
  [ 52, 57, 66, 88, 0, 0, 0, 10, 242 ],
  [ 52, 57, 75, 88, 0, 0, 10, 0, 242 ],
  [ 52, 57, 76, 88, 0, 0, 10, 0, 233 ],
  [ 52, 57, 75, 88, 0, 0, 10, 0, 242 ],
  [ 52, 57, 76, 88, 0, 0, 10, 0, 233 ],
  [ 52, 57, 76, 88, 0, 0, 10, 0, 8 ],
  [ 52, 57, 75, 88, 0, 0, 10, 0, 242 ],
  [ 52, 57, 76, 88, 0, 0, 10, 0, 233 ],
  [ 52, 57, 75, 88, 0, 0, 10, 0, 233 ],
  [ 52, 57, 75, 88, 0, 0, 10, 0, 8 ],
  [ 52, 57, 76, 88, 0, 0, 10, 0, 242 ],
  [ 52, 57, 75, 88, 0, 0, 10, 0, 233 ],
  [ 52, 57, 75, 88, 0, 0, 10, 0, 8 ],
  [ 52, 57, 76, 88, 0, 0, 10, 0, 242 ],
  [ 52, 57, 75, 88, 0, 0, 10, 0, 233 ],
  [ 52, 57, 76, 88, 0, 0, 10, 0, 233 ],
  [ 52, 57, 71, 88, 0, 0, 10, 0, 242 ],
  [ 52, 57, 74, 88, 0, 0, 10, 0, 233 ],
  [ 52, 57, 74, 88, 0, 0, 10, 0, 8 ],
  [ 52, 57, 73, 88, 10, 0, 0, 0, 125 ],
  [ 52, 57, 72, 88, 10, 0, 0, 0, 8 ],
  [ 52, 57, 69, 88, 0, 0, 10, 0, 233 ],
  [ 52, 57, 69, 88, 0, 10, 10, 0, 8 ],
  [ 52, 60, 69, 88, 0, 10, 0, 0, 233 ],
  [ 52, 60, 69, 88, 0, 10, 0, 0, 8 ],
  [ 52, 59, 69, 88, 10, 0, 0, 0, 100 ],
  [ 52, 58, 71, 88, 0, 0, 10, 0, 233 ],
  [ 52, 56, 70, 88, 0, 10, 0, 0, 8 ],
  [ 52, 56, 64, 88, 0, 0, 10, 0, 242 ],
  [ 52, 56, 68, 88, 0, 0, 10, 0, 233 ],
  [ 52, 56, 68, 88, 0, 0, 10, 0, 8 ],
  [ 52, 56, 72, 88, 10, 0, 10, 0, 133 ],
  [ 52, 56, 72, 88, 0, 0, 10, 0, 8 ],
  [ 52, 57, 71, 88, 0, 10, 0, 0, 233 ],
  [ 52, 57, 71, 88, 0, 10, 0, 0, 8 ],
  [ 52, 64, 71, 88, 0, 10, 0, 0, 242 ],
  [ 52, 64, 76, 88, 0, 0, 10, 0, 233 ],
  [ 52, 64, 75, 88, 0, 0, 10, 0, 242 ],
  [ 52, 64, 76, 88, 0, 0, 10, 0, 242 ],
  [ 52, 64, 75, 88, 0, 0, 10, 0, 233 ],
  [ 52, 64, 75, 88, 0, 0, 10, 0, 8 ],
  [ 52, 64, 76, 88, 0, 0, 10, 0, 233 ],
  [ 52, 64, 71, 88, 0, 0, 10, 0, 233 ],
  [ 52, 64, 71, 88, 0, 0, 10, 0, 8 ],
  [ 52, 64, 74, 88, 0, 0, 10, 0, 233 ],
  [ 52, 62, 69, 88, 10, 0, 10, 0, 167 ],
  [ 52, 57, 69, 88, 10, 10, 10, 0, 8 ],
  [ 52, 60, 69, 88, 0, 10, 0, 0, 233 ],
  [ 52, 60, 69, 88, 0, 10, 0, 0, 8 ],
  [ 52, 64, 71, 88, 0, 10, 0, 0, 233 ],
  [ 52, 64, 71, 88, 0, 10, 0, 0, 8 ],
  [ 52, 64, 71, 88, 10, 0, 10, 0, 75 ],
  [ 52, 64, 71, 88, 10, 0, 10, 0, 8 ],
  [ 56, 64, 71, 88, 10, 0, 0, 0, 242 ],
  [ 56, 64, 72, 88, 0, 0, 10, 0, 233 ],
  [ 56, 64, 72, 88, 0, 0, 10, 0, 8 ] ]
