[ [ 68, 70, 74, 76, 0, 0, 0, 0, 0 ],
  [ 65, 68, 73, 76, 0, 0, 0, 10, 242 ],
  [ 64, 67, 72, 75, 0, 0, 0, 10, 242 ],
  [ 64, 67, 72, 76, 0, 0, 0, 10, 242 ],
  [ 64, 67, 72, 75, 0, 0, 0, 10, 233 ],
  [ 64, 67, 72, 75, 0, 0, 0, 10, 8 ],
  [ 64, 67, 72, 76, 0, 0, 0, 10, 233 ],
  [ 64, 67, 72, 76, 0, 0, 0, 10, 8 ],
  [ 63, 66, 71, 76, 0, 0, 10, 0, 200 ],
  [ 63, 66, 71, 74, 0, 0, 0, 10, 242 ],
  [ 63, 66, 72, 75, 0, 0, 10, 0, 242 ],
  [ 45, 66, 72, 75, 10, 0, 0, 0, 233 ],
  [ 45, 66, 72, 75, 10, 0, 0, 0, 8 ],
  [ 52, 64, 69, 75, 10, 0, 10, 0, 183 ],
  [ 52, 64, 69, 75, 10, 0, 10, 0, 8 ],
  [ 57, 64, 69, 75, 10, 0, 0, 0, 200 ],
  [ 57, 64, 69, 75, 10, 0, 0, 0, 8 ],
  [ 60, 64, 69, 75, 10, 0, 0, 0, 233 ],
  [ 60, 64, 69, 75, 10, 0, 0, 0, 8 ],
  [ 60, 64, 69, 75, 0, 10, 0, 0, 242 ],
  [ 60, 64, 69, 75, 0, 0, 10, 0, 233 ],
  [ 40, 64, 69, 75, 10, 0, 0, 0, 200 ],
  [ 40, 64, 69, 75, 10, 0, 0, 0, 8 ],
  [ 40, 52, 71, 75, 0, 10, 10, 0, 225 ],
  [ 40, 52, 71, 75, 0, 10, 0, 0, 8 ],
  [ 40, 56, 71, 75, 0, 10, 0, 0, 233 ],
  [ 40, 56, 64, 75, 0, 0, 10, 0, 233 ],
  [ 40, 56, 68, 75, 0, 0, 10, 0, 233 ],
  [ 40, 56, 68, 75, 0, 0, 10, 0, 8 ],
  [ 40, 56, 71, 75, 0, 0, 10, 0, 233 ],
  [ 45, 56, 71, 75, 10, 0, 10, 0, 8 ],
  [ 45, 56, 72, 75, 0, 0, 10, 0, 233 ],
  [ 52, 57, 72, 75, 10, 10, 0, 0, 8 ],
  [ 52, 64, 72, 75, 0, 10, 0, 0, 242 ],
  [ 52, 64, 72, 76, 0, 0, 0, 10, 242 ],
  [ 52, 64, 72, 75, 0, 0, 0, 10, 233 ],
  [ 52, 64, 72, 75, 0, 0, 0, 10, 8 ],
  [ 52, 64, 72, 76, 0, 0, 0, 10, 233 ],
  [ 52, 64, 72, 76, 0, 0, 0, 10, 8 ],
  [ 52, 64, 72, 75, 0, 0, 0, 10, 242 ],
  [ 52, 64, 72, 76, 0, 0, 0, 10, 233 ],
  [ 52, 64, 72, 76, 0, 0, 0, 10, 8 ],
  [ 52, 64, 71, 76, 0, 0, 10, 0, 242 ],
  [ 52, 64, 71, 74, 0, 0, 0, 10, 242 ],
  [ 52, 64, 72, 75, 0, 0, 10, 0, 242 ],
  [ 45, 64, 72, 75, 10, 0, 0, 0, 192 ],
  [ 45, 64, 72, 75, 10, 0, 0, 0, 8 ],
  [ 52, 64, 69, 75, 10, 0, 10, 0, 175 ],
  [ 52, 64, 69, 75, 10, 0, 0, 0, 8 ],
  [ 57, 64, 69, 75, 10, 0, 0, 0, 242 ],
  [ 60, 64, 69, 75, 10, 0, 0, 0, 242 ],
  [ 60, 64, 69, 75, 0, 10, 0, 0, 233 ],
  [ 60, 64, 69, 75, 0, 10, 0, 0, 8 ],
  [ 60, 64, 69, 75, 0, 0, 10, 0, 242 ],
  [ 40, 64, 69, 75, 10, 0, 0, 0, 175 ],
  [ 40, 64, 69, 75, 10, 0, 0, 0, 8 ],
  [ 40, 52, 69, 75, 0, 10, 0, 0, 100 ],
  [ 40, 56, 71, 75, 0, 10, 10, 0, 233 ],
  [ 40, 56, 71, 75, 0, 10, 0, 0, 8 ],
  [ 40, 56, 72, 75, 0, 0, 10, 0, 242 ],
  [ 40, 62, 71, 75, 0, 10, 10, 0, 233 ],
  [ 40, 62, 71, 75, 0, 10, 10, 0, 8 ],
  [ 45, 62, 71, 75, 10, 0, 0, 0, 233 ],
  [ 52, 60, 69, 75, 10, 10, 10, 0, 175 ],
  [ 52, 57, 69, 75, 0, 10, 0, 0, 242 ],
  [ 52, 57, 69, 76, 0, 0, 0, 10, 242 ],
  [ 52, 57, 69, 75, 0, 0, 0, 10, 233 ],
  [ 52, 57, 69, 75, 0, 0, 0, 10, 8 ],
  [ 52, 57, 69, 76, 0, 0, 0, 10, 242 ],
  [ 52, 57, 69, 75, 0, 0, 0, 10, 233 ],
  [ 52, 57, 69, 75, 0, 0, 0, 10, 8 ],
  [ 52, 57, 69, 76, 0, 0, 0, 10, 233 ],
  [ 52, 57, 71, 76, 0, 0, 10, 0, 233 ],
  [ 52, 57, 71, 74, 0, 0, 0, 10, 242 ],
  [ 52, 57, 72, 75, 0, 0, 10, 0, 233 ],
  [ 52, 57, 72, 75, 0, 0, 10, 0, 8 ],
  [ 45, 57, 72, 75, 10, 0, 0, 0, 192 ],
  [ 45, 57, 72, 75, 10, 0, 0, 0, 8 ],
  [ 45, 57, 69, 75, 0, 0, 10, 0, 100 ],
  [ 45, 52, 69, 75, 0, 10, 0, 0, 8 ],
  [ 45, 57, 69, 75, 0, 10, 0, 0, 233 ],
  [ 45, 60, 69, 75, 0, 10, 0, 0, 233 ],
  [ 45, 60, 69, 75, 0, 10, 0, 0, 8 ],
  [ 45, 64, 69, 75, 0, 10, 0, 0, 242 ],
  [ 45, 64, 69, 75, 0, 0, 10, 0, 233 ],
  [ 45, 64, 69, 75, 0, 0, 10, 0, 8 ],
  [ 40, 64, 69, 75, 10, 0, 0, 0, 158 ],
  [ 40, 64, 69, 75, 10, 0, 0, 0, 8 ],
  [ 40, 52, 69, 75, 0, 10, 0, 0, 83 ],
  [ 40, 52, 71, 75, 0, 0, 10, 0, 8 ],
  [ 40, 56, 71, 75, 0, 10, 0, 0, 242 ],
  [ 40, 56, 64, 75, 0, 0, 10, 0, 233 ],
  [ 40, 56, 64, 75, 0, 0, 10, 0, 8 ],
  [ 40, 56, 68, 75, 0, 0, 10, 0, 233 ],
  [ 40, 56, 68, 75, 0, 0, 10, 0, 8 ],
  [ 40, 56, 71, 75, 0, 0, 10, 0, 242 ],
  [ 45, 56, 71, 75, 10, 0, 0, 0, 150 ],
  [ 45, 52, 72, 75, 0, 10, 10, 0, 133 ],
  [ 45, 57, 72, 75, 0, 10, 0, 0, 233 ],
  [ 45, 64, 72, 75, 0, 10, 0, 0, 233 ],
  [ 45, 64, 72, 75, 0, 10, 0, 0, 8 ],
  [ 45, 64, 72, 76, 0, 0, 0, 10, 242 ],
  [ 45, 64, 72, 75, 0, 0, 0, 10, 233 ],
  [ 45, 64, 72, 75, 0, 0, 0, 10, 8 ],
  [ 45, 64, 72, 76, 0, 0, 0, 10, 242 ],
  [ 45, 64, 72, 75, 0, 0, 0, 10, 242 ],
  [ 45, 64, 72, 76, 0, 0, 0, 10, 242 ],
  [ 45, 64, 71, 76, 0, 0, 10, 0, 233 ],
  [ 45, 64, 71, 76, 0, 0, 10, 0, 8 ],
  [ 45, 64, 71, 74, 0, 0, 0, 10, 242 ],
  [ 45, 64, 72, 75, 0, 0, 10, 0, 233 ],
  [ 45, 64, 72, 75, 0, 0, 10, 0, 8 ],
  [ 45, 64, 72, 75, 10, 0, 0, 0, 158 ],
  [ 45, 64, 72, 75, 10, 0, 0, 0, 8 ],
  [ 52, 64, 69, 75, 10, 0, 10, 0, 75 ],
  [ 52, 64, 69, 75, 0, 0, 10, 0, 8 ],
  [ 57, 64, 69, 75, 10, 0, 0, 0, 242 ],
  [ 60, 64, 69, 75, 10, 0, 0, 0, 242 ],
  [ 60, 64, 69, 75, 0, 10, 0, 0, 233 ],
  [ 60, 64, 69, 75, 0, 0, 10, 0, 242 ],
  [ 40, 64, 69, 75, 10, 0, 0, 0, 192 ],
  [ 40, 64, 69, 75, 10, 0, 0, 0, 8 ],
  [ 40, 64, 71, 75, 0, 0, 10, 0, 133 ],
  [ 40, 52, 71, 75, 0, 10, 10, 0, 8 ],
  [ 40, 56, 71, 75, 0, 10, 0, 0, 233 ],
  [ 40, 56, 71, 75, 0, 10, 0, 0, 8 ],
  [ 40, 56, 72, 75, 0, 0, 10, 0, 242 ],
  [ 40, 62, 71, 75, 0, 10, 10, 0, 242 ],
  [ 40, 62, 71, 75, 0, 10, 0, 0, 8 ],
  [ 45, 62, 71, 75, 10, 0, 0, 0, 183 ],
  [ 45, 60, 69, 75, 0, 10, 10, 0, 158 ],
  [ 52, 60, 69, 75, 10, 10, 0, 0, 8 ],
  [ 52, 57, 69, 75, 0, 10, 0, 0, 233 ],
  [ 52, 57, 69, 75, 0, 10, 0, 0, 8 ],
  [ 52, 57, 71, 75, 0, 0, 10, 0, 233 ],
  [ 52, 57, 71, 75, 0, 0, 10, 0, 8 ],
  [ 52, 57, 72, 75, 0, 0, 10, 0, 242 ],
  [ 52, 57, 71, 74, 0, 0, 0, 10, 233 ],
  [ 52, 57, 71, 74, 0, 0, 0, 10, 8 ],
  [ 48, 57, 71, 74, 10, 0, 0, 0, 183 ],
  [ 48, 57, 71, 74, 10, 0, 0, 0, 8 ],
  [ 48, 55, 71, 74, 0, 10, 0, 0, 133 ],
  [ 48, 55, 71, 74, 0, 10, 0, 0, 8 ],
  [ 48, 60, 71, 76, 0, 10, 0, 10, 233 ],
  [ 48, 60, 67, 76, 0, 0, 10, 0, 233 ],
  [ 48, 60, 67, 77, 0, 0, 0, 10, 233 ],
  [ 48, 60, 67, 76, 0, 0, 0, 10, 242 ],
  [ 43, 60, 67, 76, 10, 0, 0, 0, 183 ],
  [ 43, 55, 67, 76, 0, 10, 0, 0, 150 ],
  [ 43, 59, 67, 74, 0, 10, 0, 10, 242 ],
  [ 43, 59, 65, 74, 0, 0, 10, 0, 233 ],
  [ 43, 59, 65, 74, 0, 0, 10, 0, 8 ],
  [ 43, 59, 65, 76, 0, 0, 0, 10, 233 ],
  [ 43, 59, 65, 76, 0, 0, 0, 10, 8 ],
  [ 43, 59, 65, 74, 0, 0, 0, 10, 233 ],
  [ 43, 59, 65, 74, 0, 0, 0, 10, 8 ],
  [ 45, 59, 65, 74, 10, 0, 0, 0, 233 ],
  [ 45, 59, 65, 74, 10, 0, 0, 0, 8 ],
  [ 45, 52, 65, 74, 0, 10, 0, 0, 217 ],
  [ 45, 57, 65, 72, 0, 10, 0, 10, 242 ],
  [ 45, 57, 64, 72, 0, 0, 10, 0, 242 ],
  [ 45, 57, 64, 74, 0, 0, 0, 10, 233 ],
  [ 45, 57, 64, 74, 0, 0, 0, 10, 8 ],
  [ 45, 57, 64, 72, 0, 0, 0, 10, 50 ],
  [ 45, 57, 64, 72, 0, 0, 0, 10, 8 ],
  [ 40, 57, 64, 71, 10, 0, 0, 10, 8 ],
  [ 40, 52, 64, 71, 0, 10, 0, 0, 233 ],
  [ 40, 52, 64, 71, 0, 10, 0, 0, 8 ],
  [ 40, 52, 64, 71, 0, 0, 10, 0, 242 ],
  [ 40, 52, 64, 71, 0, 0, 10, 0, 242 ],
  [ 40, 52, 64, 76, 0, 0, 0, 10, 242 ],
  [ 40, 52, 64, 76, 0, 0, 10, 0, 242 ],
  [ 40, 52, 64, 76, 0, 0, 0, 10, 233 ],
  [ 40, 52, 64, 76, 0, 0, 0, 10, 8 ],
  [ 40, 52, 64, 76, 0, 0, 0, 10, 242 ],
  [ 36, 39, 44, 75, 0, 0, 0, 10, 25 ],
  [ 36, 39, 44, 75, 0, 0, 0, 10, 8 ],
  [ 36, 39, 44, 76, 0, 0, 0, 10, 233 ],
  [ 36, 39, 44, 75, 0, 0, 0, 10, 242 ],
  [ 36, 39, 44, 76, 0, 0, 0, 10, 233 ],
  [ 36, 39, 44, 76, 0, 0, 0, 10, 8 ],
  [ 36, 39, 44, 75, 0, 0, 0, 10, 233 ],
  [ 36, 39, 44, 75, 0, 0, 0, 10, 8 ],
  [ 36, 39, 44, 76, 0, 0, 0, 10, 233 ],
  [ 36, 39, 44, 75, 0, 0, 0, 10, 242 ],
  [ 36, 39, 44, 76, 0, 0, 0, 10, 242 ],
  [ 36, 39, 44, 75, 0, 0, 0, 10, 242 ],
  [ 36, 39, 44, 76, 0, 0, 0, 10, 233 ],
  [ 36, 39, 44, 75, 0, 0, 0, 10, 233 ],
  [ 36, 39, 44, 75, 0, 0, 0, 10, 8 ],
  [ 36, 39, 44, 76, 0, 0, 0, 10, 233 ],
  [ 36, 39, 44, 76, 0, 0, 0, 10, 8 ],
  [ 36, 39, 44, 71, 0, 0, 0, 10, 242 ],
  [ 36, 39, 44, 74, 0, 0, 0, 10, 233 ],
  [ 36, 39, 44, 74, 0, 0, 0, 10, 8 ],
  [ 36, 39, 44, 72, 0, 0, 0, 10, 242 ],
  [ 36, 39, 45, 72, 0, 0, 10, 0, 167 ],
  [ 36, 39, 45, 72, 0, 0, 10, 0, 8 ],
  [ 36, 39, 52, 69, 0, 0, 10, 10, 108 ],
  [ 36, 39, 57, 69, 0, 0, 10, 0, 233 ],
  [ 36, 39, 60, 69, 0, 0, 10, 0, 242 ],
  [ 36, 39, 64, 69, 0, 0, 10, 0, 242 ],
  [ 36, 39, 64, 69, 0, 0, 0, 10, 242 ],
  [ 36, 40, 64, 69, 0, 10, 0, 0, 217 ],
  [ 36, 40, 52, 69, 0, 0, 10, 0, 158 ],
  [ 36, 40, 52, 71, 0, 0, 0, 10, 8 ],
  [ 36, 40, 56, 71, 0, 0, 10, 0, 242 ],
  [ 36, 40, 56, 64, 0, 0, 0, 10, 242 ],
  [ 36, 40, 56, 68, 0, 0, 0, 10, 242 ],
  [ 36, 40, 56, 71, 0, 0, 0, 10, 233 ],
  [ 36, 40, 56, 71, 0, 0, 0, 10, 8 ],
  [ 36, 45, 56, 71, 0, 10, 0, 0, 200 ],
  [ 36, 45, 52, 71, 0, 0, 10, 0, 133 ],
  [ 36, 45, 52, 72, 0, 0, 10, 10, 8 ],
  [ 36, 45, 57, 72, 0, 0, 10, 0, 233 ],
  [ 36, 45, 64, 72, 0, 0, 10, 0, 233 ],
  [ 36, 45, 64, 72, 0, 0, 10, 0, 8 ],
  [ 36, 45, 64, 76, 0, 0, 0, 10, 242 ],
  [ 36, 45, 64, 75, 0, 0, 0, 10, 242 ],
  [ 36, 45, 64, 76, 0, 0, 0, 10, 233 ],
  [ 36, 45, 64, 76, 0, 0, 0, 10, 8 ],
  [ 36, 45, 64, 75, 0, 0, 0, 10, 233 ],
  [ 36, 45, 64, 75, 0, 0, 0, 10, 8 ],
  [ 36, 45, 64, 76, 0, 0, 0, 10, 233 ],
  [ 36, 45, 64, 76, 0, 0, 0, 10, 8 ],
  [ 36, 45, 64, 71, 0, 0, 0, 10, 242 ],
  [ 36, 45, 64, 74, 0, 0, 0, 10, 233 ],
  [ 36, 45, 64, 74, 0, 0, 0, 10, 8 ],
  [ 36, 45, 64, 72, 0, 0, 0, 10, 242 ],
  [ 36, 45, 64, 72, 0, 10, 0, 0, 167 ],
  [ 36, 45, 64, 72, 0, 10, 0, 0, 8 ],
  [ 36, 52, 64, 69, 0, 10, 0, 10, 133 ],
  [ 36, 57, 64, 69, 0, 10, 0, 0, 233 ],
  [ 36, 60, 65, 69, 0, 10, 0, 0, 233 ],
  [ 36, 59, 64, 69, 0, 0, 10, 0, 233 ],
  [ 36, 59, 64, 69, 0, 0, 10, 0, 8 ],
  [ 36, 59, 64, 69, 0, 0, 0, 10, 233 ],
  [ 36, 59, 64, 69, 0, 0, 0, 10, 8 ],
  [ 40, 59, 64, 69, 10, 0, 0, 0, 233 ],
  [ 40, 52, 64, 71, 0, 10, 0, 10, 192 ],
  [ 52, 56, 64, 71, 10, 10, 0, 0, 8 ],
  [ 52, 56, 64, 72, 0, 0, 0, 10, 242 ],
  [ 52, 56, 62, 72, 0, 0, 10, 0, 233 ],
  [ 52, 56, 62, 71, 0, 0, 10, 10, 8 ],
  [ 45, 56, 62, 71, 10, 0, 0, 0, 183 ],
  [ 45, 52, 60, 71, 0, 10, 10, 0, 142 ],
  [ 45, 52, 60, 69, 0, 0, 10, 10, 8 ],
  [ 45, 52, 57, 69, 0, 0, 10, 0, 233 ],
  [ 45, 52, 57, 71, 0, 0, 0, 10, 242 ],
  [ 45, 52, 57, 72, 0, 0, 0, 10, 242 ],
  [ 45, 52, 57, 74, 0, 0, 0, 10, 242 ],
  [ 48, 52, 57, 74, 10, 0, 0, 0, 200 ],
  [ 47, 50, 55, 74, 0, 0, 10, 0, 175 ],
  [ 47, 50, 60, 76, 0, 0, 10, 10, 233 ],
  [ 47, 50, 67, 76, 0, 0, 10, 0, 242 ],
  [ 47, 50, 67, 77, 0, 0, 0, 10, 233 ],
  [ 47, 50, 67, 77, 0, 0, 0, 10, 8 ],
  [ 47, 50, 67, 76, 0, 0, 0, 10, 242 ],
  [ 43, 50, 67, 76, 10, 0, 0, 0, 225 ],
  [ 43, 50, 67, 76, 10, 0, 0, 0, 8 ],
  [ 43, 55, 67, 76, 0, 10, 0, 0, 125 ],
  [ 43, 59, 67, 74, 0, 10, 0, 10, 233 ],
  [ 43, 59, 67, 74, 0, 10, 0, 10, 8 ],
  [ 43, 59, 65, 74, 0, 0, 10, 0, 233 ],
  [ 43, 59, 65, 74, 0, 0, 10, 0, 8 ],
  [ 43, 59, 65, 76, 0, 0, 0, 10, 242 ],
  [ 43, 59, 65, 74, 0, 0, 0, 10, 242 ],
  [ 45, 59, 65, 74, 10, 0, 0, 0, 225 ],
  [ 45, 59, 65, 74, 10, 0, 0, 0, 8 ],
  [ 45, 52, 65, 74, 0, 10, 0, 0, 175 ],
  [ 45, 52, 65, 74, 0, 10, 0, 0, 8 ],
  [ 45, 57, 65, 72, 0, 10, 0, 10, 233 ],
  [ 45, 57, 65, 72, 0, 10, 0, 10, 8 ],
  [ 45, 57, 64, 72, 0, 0, 10, 0, 242 ],
  [ 45, 57, 64, 74, 0, 0, 0, 10, 233 ],
  [ 45, 57, 64, 72, 0, 0, 0, 10, 17 ],
  [ 40, 57, 64, 72, 10, 0, 0, 0, 242 ],
  [ 40, 57, 64, 71, 0, 0, 0, 10, 100 ],
  [ 40, 57, 64, 71, 0, 0, 0, 10, 8 ],
  [ 40, 52, 64, 71, 0, 10, 0, 0, 117 ],
  [ 40, 52, 64, 71, 0, 10, 0, 0, 8 ],
  [ 40, 52, 64, 71, 0, 0, 10, 0, 242 ],
  [ 40, 52, 64, 71, 0, 0, 10, 0, 108 ],
  [ 40, 52, 64, 71, 0, 0, 10, 0, 8 ],
  [ 40, 52, 64, 76, 0, 0, 0, 10, 233 ],
  [ 40, 52, 64, 76, 0, 0, 0, 10, 8 ],
  [ 40, 52, 64, 76, 0, 0, 10, 0, 242 ],
  [ 40, 52, 64, 76, 0, 0, 0, 10, 242 ],
  [ 40, 52, 64, 76, 0, 0, 0, 10, 108 ],
  [ 40, 52, 64, 76, 0, 0, 0, 10, 8 ],
  [ -1, -1, -1, -1, -1, -1, -1, -1, 25 ],
  [ 36, 39, 44, 75, 0, 0, 0, 10, 108 ],
  [ 36, 39, 44, 75, 0, 0, 0, 10, 8 ],
  [ 36, 39, 44, 76, 0, 0, 0, 10, 233 ],
  [ 36, 39, 44, 75, 0, 0, 0, 10, 117 ],
  [ 36, 39, 44, 76, 0, 0, 0, 10, 233 ],
  [ 36, 39, 44, 75, 0, 0, 0, 10, 242 ],
  [ 36, 39, 44, 76, 0, 0, 0, 10, 233 ],
  [ 36, 39, 44, 75, 0, 0, 0, 10, 117 ],
  [ 36, 39, 44, 76, 0, 0, 0, 10, 233 ],
  [ 36, 39, 44, 76, 0, 0, 0, 10, 8 ],
  [ 36, 39, 44, 75, 0, 0, 0, 10, 108 ],
  [ 36, 39, 44, 75, 0, 0, 0, 10, 8 ],
  [ 36, 39, 44, 76, 0, 0, 0, 10, 242 ],
  [ 36, 39, 44, 75, 0, 0, 0, 10, 242 ],
  [ 36, 39, 44, 76, 0, 0, 0, 10, 233 ],
  [ 36, 39, 44, 76, 0, 0, 0, 10, 8 ],
  [ 36, 39, 44, 71, 0, 0, 0, 10, 233 ],
  [ 36, 39, 44, 74, 0, 0, 0, 10, 242 ],
  [ 36, 39, 44, 72, 0, 0, 0, 10, 108 ],
  [ 36, 39, 44, 72, 0, 0, 0, 10, 8 ],
  [ 36, 39, 45, 72, 0, 0, 10, 0, 167 ],
  [ 36, 39, 45, 69, 0, 0, 0, 10, 108 ],
  [ 36, 39, 45, 69, 0, 0, 0, 10, 8 ],
  [ 36, 39, 52, 69, 0, 0, 10, 0, 108 ],
  [ 36, 39, 52, 69, 0, 0, 10, 0, 8 ],
  [ 36, 39, 57, 69, 0, 0, 10, 0, 233 ],
  [ 36, 39, 60, 69, 0, 0, 10, 0, 233 ],
  [ 36, 39, 60, 69, 0, 0, 10, 0, 8 ],
  [ 36, 39, 64, 69, 0, 0, 10, 0, 242 ],
  [ 36, 39, 64, 69, 0, 0, 0, 10, 233 ],
  [ 36, 40, 64, 69, 0, 10, 0, 0, 167 ],
  [ 36, 40, 64, 71, 0, 0, 0, 10, 150 ],
  [ 36, 40, 52, 71, 0, 0, 10, 0, 8 ],
  [ 36, 40, 56, 71, 0, 0, 10, 0, 233 ],
  [ 36, 40, 56, 64, 0, 0, 0, 10, 233 ],
  [ 36, 40, 56, 68, 0, 0, 0, 10, 233 ],
  [ 36, 40, 68, 71, 0, 0, 10, 10, 8 ],
  [ 36, 40, 68, 71, 0, 0, 0, 10, 8 ],
  [ 36, 45, 68, 71, 0, 10, 0, 0, 242 ],
  [ 36, 52, 68, 72, 0, 10, 0, 10, 217 ],
  [ 36, 52, 68, 72, 0, 10, 0, 10, 8 ],
  [ 36, 57, 68, 72, 0, 10, 0, 0, 233 ],
  [ 36, 57, 68, 72, 0, 10, 0, 0, 8 ],
  [ 36, 57, 64, 72, 0, 0, 10, 0, 108 ],
  [ 36, 57, 64, 72, 0, 0, 10, 0, 8 ],
  [ 36, 57, 64, 76, 0, 0, 0, 10, 242 ],
  [ 36, 57, 64, 75, 0, 0, 0, 10, 242 ],
  [ 36, 57, 64, 76, 0, 0, 0, 10, 242 ],
  [ 36, 57, 64, 75, 0, 0, 0, 10, 242 ],
  [ 36, 57, 64, 76, 0, 0, 0, 10, 233 ],
  [ 36, 57, 64, 76, 0, 0, 0, 10, 8 ],
  [ 36, 57, 64, 71, 0, 0, 0, 10, 233 ],
  [ 36, 57, 64, 71, 0, 0, 0, 10, 8 ],
  [ 36, 57, 64, 74, 0, 0, 0, 10, 233 ],
  [ 36, 57, 64, 74, 0, 0, 0, 10, 8 ],
  [ 36, 57, 64, 72, 0, 0, 0, 10, 233 ],
  [ 45, 57, 64, 72, 10, 0, 0, 0, 208 ],
  [ 45, 57, 64, 69, 0, 0, 0, 10, 50 ],
  [ 45, 52, 64, 69, 0, 10, 0, 0, 125 ],
  [ 45, 57, 64, 69, 0, 10, 0, 0, 242 ],
  [ 45, 60, 65, 69, 0, 10, 0, 0, 233 ],
  [ 45, 60, 65, 69, 0, 10, 0, 0, 8 ],
  [ 45, 59, 64, 69, 0, 0, 10, 0, 242 ],
  [ 45, 59, 64, 69, 0, 0, 0, 10, 233 ],
  [ 40, 59, 64, 69, 10, 0, 0, 0, 142 ],
  [ 40, 52, 64, 71, 0, 10, 0, 10, 92 ],
  [ 40, 52, 64, 71, 0, 10, 0, 10, 8 ],
  [ 40, 56, 64, 71, 0, 10, 0, 0, 233 ],
  [ 40, 56, 64, 71, 0, 10, 0, 0, 8 ],
  [ 40, 56, 62, 71, 0, 0, 10, 0, 242 ],
  [ 40, 56, 62, 72, 0, 0, 0, 10, 233 ],
  [ 40, 56, 62, 72, 0, 0, 0, 10, 8 ],
  [ 40, 56, 62, 71, 0, 0, 0, 10, 108 ],
  [ 40, 56, 62, 71, 0, 0, 0, 10, 8 ],
  [ 45, 56, 62, 71, 10, 0, 0, 0, 233 ],
  [ 45, 55, 60, 69, 0, 0, 10, 10, 92 ],
  [ 45, 55, 60, 69, 0, 0, 10, 10, 8 ],
  [ 45, 52, 60, 69, 0, 10, 0, 0, 117 ],
  [ 45, 52, 57, 69, 0, 0, 10, 0, 242 ],
  [ 45, 52, 64, 72, 0, 0, 10, 10, 117 ],
  [ 36, 39, 65, 72, 0, 0, 10, 10, 108 ],
  [ 57, 60, 65, 72, 10, 10, 0, 10, 8 ],
  [ 57, 60, 67, 72, 0, 0, 10, 10, 108 ],
  [ 64, 67, 72, 75, 10, 10, 10, 0, 8 ],
  [ 36, 39, 44, 53, 0, 0, 0, 10, 233 ],
  [ 36, 39, 44, 57, 0, 0, 0, 10, 242 ],
  [ 36, 39, 44, 60, 0, 0, 0, 10, 242 ],
  [ 36, 39, 44, 72, 0, 0, 0, 10, 108 ],
  [ 36, 39, 44, 72, 0, 0, 0, 10, 8 ],
  [ 36, 39, 57, 72, 0, 0, 10, 0, 125 ],
  [ 36, 39, 60, 72, 0, 0, 10, 0, 242 ],
  [ 36, 39, 60, 77, 0, 0, 0, 10, 108 ],
  [ 36, 39, 60, 77, 0, 0, 0, 10, 8 ],
  [ 36, 39, 57, 76, 0, 0, 10, 10, 117 ],
  [ 36, 39, 53, 76, 0, 0, 10, 0, 183 ],
  [ 36, 39, 53, 76, 0, 0, 10, 0, 8 ],
  [ 36, 39, 58, 76, 0, 0, 10, 10, 192 ],
  [ 36, 39, 58, 76, 0, 0, 10, 10, 8 ],
  [ 36, 39, 62, 76, 0, 0, 10, 0, 233 ],
  [ 36, 39, 62, 76, 0, 0, 10, 0, 8 ],
  [ 36, 39, 58, 74, 0, 0, 10, 10, 108 ],
  [ 36, 39, 62, 74, 0, 0, 10, 0, 233 ],
  [ 36, 39, 62, 74, 0, 0, 10, 0, 8 ],
  [ 36, 39, 62, 82, 0, 0, 0, 10, 108 ],
  [ 36, 39, 58, 82, 0, 0, 10, 0, 108 ],
  [ 36, 39, 58, 81, 0, 0, 10, 10, 8 ],
  [ 36, 39, 53, 81, 0, 0, 10, 0, 200 ],
  [ 36, 39, 53, 81, 0, 0, 0, 10, 8 ],
  [ 36, 39, 62, 79, 0, 0, 10, 10, 225 ],
  [ 36, 39, 44, 76, 0, 0, 0, 10, 233 ],
  [ 36, 39, 44, 62, 0, 0, 0, 10, 8 ],
  [ 36, 39, 58, 74, 0, 0, 10, 10, 233 ],
  [ 36, 39, 62, 72, 0, 0, 10, 10, 242 ],
  [ 36, 39, 53, 72, 0, 0, 10, 0, 225 ],
  [ 36, 39, 53, 72, 0, 0, 10, 0, 8 ],
  [ 36, 39, 57, 70, 0, 0, 10, 10, 225 ],
  [ 36, 39, 57, 70, 0, 0, 10, 0, 8 ],
  [ 36, 39, 60, 70, 0, 0, 10, 0, 233 ],
  [ 36, 39, 60, 70, 0, 0, 10, 0, 8 ],
  [ 36, 39, 60, 69, 0, 0, 0, 10, 108 ],
  [ 36, 39, 60, 69, 0, 0, 0, 10, 8 ],
  [ 36, 39, 57, 70, 0, 0, 10, 10, 108 ],
  [ 36, 39, 57, 70, 0, 0, 10, 10, 8 ],
  [ 36, 39, 57, 69, 0, 0, 0, 10, 117 ],
  [ 36, 39, 60, 69, 0, 0, 10, 0, 108 ],
  [ 36, 39, 60, 67, 0, 0, 10, 10, 8 ],
  [ 36, 39, 60, 69, 0, 0, 0, 10, 108 ],
  [ 36, 39, 57, 69, 0, 0, 10, 0, 17 ],
  [ 36, 39, 57, 70, 0, 0, 10, 10, 8 ],
  [ 36, 39, 53, 70, 0, 0, 10, 0, 233 ],
  [ 36, 39, 57, 70, 0, 0, 10, 0, 167 ],
  [ 36, 39, 57, 70, 0, 0, 10, 0, 8 ],
  [ 36, 39, 60, 70, 0, 0, 10, 0, 242 ],
  [ 36, 39, 60, 72, 0, 0, 0, 10, 233 ],
  [ 36, 39, 57, 72, 0, 0, 10, 10, 8 ],
  [ 36, 39, 60, 74, 0, 0, 10, 10, 233 ],
  [ 36, 39, 60, 74, 0, 0, 0, 10, 8 ],
  [ 36, 39, 60, 75, 0, 0, 0, 10, 233 ],
  [ 36, 39, 57, 75, 0, 0, 10, 10, 8 ],
  [ 36, 39, 52, 75, 0, 0, 10, 0, 242 ],
  [ 36, 39, 57, 75, 0, 0, 10, 0, 183 ],
  [ 36, 39, 57, 76, 0, 0, 0, 10, 125 ],
  [ 36, 39, 60, 76, 0, 0, 10, 0, 117 ],
  [ 36, 39, 57, 76, 0, 0, 10, 10, 233 ],
  [ 36, 39, 57, 76, 0, 0, 10, 10, 8 ],
  [ 36, 50, 62, 77, 0, 10, 10, 10, 233 ],
  [ 36, 50, 69, 77, 0, 0, 10, 0, 8 ],
  [ 36, 39, 44, 55, 0, 0, 0, 10, 8 ],
  [ 36, 39, 44, 72, 0, 0, 0, 10, 108 ],
  [ 36, 39, 44, 72, 0, 0, 0, 10, 8 ],
  [ 36, 39, 44, 64, 0, 0, 0, 10, 117 ],
  [ 36, 39, 44, 64, 0, 0, 0, 10, 8 ],
  [ 36, 39, 44, 74, 0, 0, 0, 10, 117 ],
  [ 36, 39, 55, 74, 0, 0, 10, 0, 108 ],
  [ 36, 39, 55, 72, 0, 0, 10, 10, 8 ],
  [ 36, 39, 55, 71, 0, 0, 0, 10, 108 ],
  [ 36, 39, 55, 71, 0, 0, 0, 10, 8 ],
  [ 36, 39, 64, 72, 0, 0, 10, 10, 108 ],
  [ 36, 39, 55, 72, 0, 0, 10, 0, 75 ],
  [ 36, 39, 55, 72, 0, 0, 10, 0, 8 ],
  [ 36, 39, 55, 74, 0, 0, 0, 10, 108 ],
  [ 36, 39, 55, 71, 0, 0, 0, 10, 17 ],
  [ 36, 39, 55, 65, 0, 0, 0, 10, 8 ],
  [ 36, 39, 55, 72, 0, 0, 0, 10, 117 ],
  [ 60, 64, 69, 79, 10, 10, 0, 10, 108 ],
  [ 60, 64, 69, 79, 10, 10, 0, 10, 8 ],
  [ 59, 62, 67, 79, 0, 0, 10, 0, 117 ],
  [ 59, 62, 67, 79, 0, 0, 0, 10, 108 ],
  [ 59, 62, 67, 79, 0, 0, 0, 10, 8 ],
  [ 59, 62, 69, 79, 0, 0, 10, 0, 108 ],
  [ 59, 62, 69, 79, 0, 0, 10, 0, 8 ],
  [ 59, 62, 69, 79, 0, 0, 0, 10, 108 ],
  [ 59, 62, 71, 79, 0, 0, 10, 0, 108 ],
  [ 59, 62, 71, 79, 0, 0, 10, 0, 8 ],
  [ 59, 62, 67, 79, 0, 0, 10, 10, 108 ],
  [ 36, 39, 44, 72, 0, 0, 0, 10, 108 ],
  [ 36, 39, 44, 72, 0, 0, 0, 10, 8 ],
  [ 36, 39, 64, 67, 0, 0, 10, 10, 108 ],
  [ 36, 39, 67, 79, 0, 0, 10, 10, 8 ],
  [ 36, 39, 67, 74, 0, 0, 0, 10, 50 ],
  [ 36, 39, 44, 76, 0, 0, 0, 10, 108 ],
  [ 36, 60, 67, 79, 0, 10, 10, 10, 108 ],
  [ 36, 39, 44, 81, 0, 0, 0, 10, 33 ],
  [ 36, 39, 44, 81, 0, 0, 0, 10, 8 ],
  [ 36, 39, 44, 79, 0, 0, 0, 10, 108 ],
  [ 36, 39, 44, 77, 0, 0, 0, 10, 8 ],
  [ 36, 39, 44, 77, 0, 0, 0, 10, 8 ],
  [ 36, 39, 57, 76, 0, 0, 10, 10, 108 ],
  [ 36, 39, 44, 74, 0, 0, 0, 10, 8 ],
  [ 55, 59, 64, 79, 10, 10, 0, 10, 117 ],
  [ 55, 59, 64, 77, 0, 0, 0, 10, 108 ],
  [ 55, 59, 64, 77, 0, 0, 0, 10, 8 ],
  [ 55, 59, 64, 74, 0, 0, 0, 10, 67 ],
  [ 55, 59, 64, 74, 0, 0, 0, 10, 8 ],
  [ 55, 59, 64, 72, 0, 0, 0, 10, 117 ],
  [ 55, 60, 65, 72, 0, 10, 0, 0, 50 ],
  [ 55, 60, 65, 79, 0, 10, 0, 10, 8 ],
  [ 55, 60, 67, 79, 0, 0, 10, 0, 108 ],
  [ 55, 60, 67, 79, 0, 0, 10, 0, 8 ],
  [ 55, 60, 67, 79, 0, 0, 0, 10, 117 ],
  [ 55, 60, 69, 79, 0, 0, 10, 0, 33 ],
  [ 55, 60, 69, 79, 0, 0, 0, 10, 108 ],
  [ 55, 60, 69, 79, 0, 0, 0, 10, 8 ],
  [ 55, 60, 71, 79, 0, 0, 10, 0, 42 ],
  [ 55, 60, 71, 79, 0, 0, 10, 0, 8 ],
  [ 36, 39, 44, 72, 0, 0, 0, 10, 42 ],
  [ 64, 67, 72, 79, 10, 10, 0, 10, 117 ],
  [ 64, 67, 74, 79, 0, 0, 10, 0, 50 ],
  [ 36, 39, 44, 76, 0, 0, 0, 10, 75 ],
  [ 36, 39, 44, 76, 0, 0, 0, 10, 8 ],
  [ 36, 39, 44, 81, 0, 0, 0, 10, 108 ],
  [ 36, 39, 44, 81, 0, 0, 0, 10, 8 ],
  [ 36, 39, 44, 79, 0, 0, 0, 10, 67 ],
  [ 53, 57, 62, 79, 10, 10, 0, 10, 8 ],
  [ 53, 57, 62, 77, 0, 0, 0, 10, 108 ],
  [ 53, 57, 62, 76, 0, 0, 0, 10, 100 ],
  [ 53, 57, 62, 74, 0, 0, 0, 10, 17 ],
  [ 55, 59, 64, 74, 10, 10, 0, 0, 108 ],
  [ 55, 59, 64, 79, 10, 10, 0, 10, 8 ],
  [ 55, 59, 64, 77, 0, 0, 0, 10, 117 ],
  [ 55, 59, 64, 74, 0, 0, 0, 10, 75 ],
  [ 55, 59, 64, 76, 0, 0, 0, 10, 75 ],
  [ 55, 59, 64, 76, 0, 0, 0, 10, 8 ],
  [ 55, 59, 64, 77, 0, 0, 0, 10, 108 ],
  [ 55, 59, 64, 77, 0, 0, 0, 10, 8 ],
  [ 55, 59, 64, 76, 0, 0, 0, 10, 117 ],
  [ 55, 59, 64, 75, 0, 10, 0, 10, 117 ],
  [ 56, 59, 64, 75, 10, 10, 0, 0, 8 ],
  [ 56, 59, 64, 76, 0, 0, 0, 10, 117 ],
  [ 56, 59, 64, 71, 0, 0, 0, 10, 117 ],
  [ 56, 59, 64, 76, 0, 0, 0, 10, 108 ],
  [ 56, 59, 64, 76, 0, 0, 0, 10, 8 ],
  [ 56, 59, 64, 75, 0, 0, 0, 10, 108 ],
  [ 56, 59, 64, 75, 0, 0, 0, 10, 8 ],
  [ 56, 59, 64, 76, 0, 0, 0, 10, 117 ],
  [ 56, 59, 64, 71, 0, 0, 0, 10, 108 ],
  [ 56, 59, 64, 71, 0, 0, 0, 10, 8 ],
  [ 56, 59, 64, 76, 0, 0, 0, 10, 83 ],
  [ 56, 59, 64, 75, 0, 0, 0, 10, 108 ],
  [ 56, 59, 64, 75, 0, 0, 0, 10, 8 ],
  [ 56, 59, 64, 76, 0, 0, 0, 10, 742 ],
  [ 56, 59, 64, 71, 0, 0, 0, 10, 233 ],
  [ 56, 59, 64, 71, 0, 0, 0, 10, 8 ],
  [ 56, 59, 64, 76, 0, 0, 0, 10, 233 ],
  [ 56, 59, 64, 76, 0, 0, 0, 10, 8 ],
  [ 56, 59, 64, 75, 0, 0, 0, 10, 233 ],
  [ 56, 59, 64, 75, 0, 0, 0, 10, 8 ],
  [ 56, 59, 64, 76, 0, 0, 0, 10, 392 ],
  [ 56, 59, 64, 71, 0, 0, 0, 10, 242 ],
  [ 56, 59, 64, 76, 0, 0, 0, 10, 242 ],
  [ 56, 59, 64, 75, 0, 0, 0, 10, 233 ],
  [ 56, 59, 64, 76, 0, 0, 0, 10, 208 ],
  [ 56, 59, 64, 76, 0, 0, 0, 10, 8 ],
  [ 56, 59, 64, 75, 0, 0, 0, 10, 200 ],
  [ 56, 59, 64, 76, 0, 0, 0, 10, 242 ],
  [ 56, 59, 64, 75, 0, 0, 0, 10, 242 ],
  [ 56, 59, 64, 76, 0, 0, 0, 10, 233 ],
  [ 56, 59, 64, 75, 0, 0, 0, 10, 242 ],
  [ 56, 59, 64, 76, 0, 0, 0, 10, 242 ],
  [ 56, 59, 64, 75, 0, 0, 0, 10, 233 ],
  [ 56, 59, 64, 76, 0, 0, 0, 10, 242 ],
  [ 56, 59, 64, 71, 0, 0, 0, 10, 242 ],
  [ 56, 59, 64, 74, 0, 0, 0, 10, 233 ],
  [ 56, 59, 64, 74, 0, 0, 0, 10, 8 ],
  [ 56, 59, 64, 72, 0, 0, 0, 10, 233 ],
  [ 56, 59, 64, 72, 0, 0, 0, 10, 8 ],
  [ 45, 59, 64, 72, 10, 0, 0, 0, 183 ],
  [ 45, 52, 64, 69, 0, 10, 0, 10, 167 ],
  [ 45, 57, 64, 69, 0, 10, 0, 0, 233 ],
  [ 45, 60, 65, 69, 0, 10, 0, 0, 233 ],
  [ 45, 60, 65, 69, 0, 10, 0, 0, 8 ],
  [ 45, 59, 64, 69, 0, 0, 10, 0, 242 ],
  [ 45, 59, 64, 69, 0, 0, 0, 10, 233 ],
  [ 45, 59, 64, 69, 0, 0, 0, 10, 8 ],
  [ 40, 59, 64, 69, 10, 0, 0, 0, 225 ],
  [ 40, 52, 64, 69, 0, 10, 0, 0, 192 ],
  [ 40, 52, 64, 71, 0, 10, 0, 10, 8 ],
  [ 40, 56, 64, 71, 0, 10, 0, 0, 233 ],
  [ 40, 56, 64, 71, 0, 0, 10, 0, 242 ],
  [ 40, 56, 64, 68, 0, 0, 0, 10, 233 ],
  [ 40, 56, 68, 71, 0, 0, 10, 10, 8 ],
  [ 40, 56, 68, 71, 0, 0, 0, 10, 8 ],
  [ 45, 56, 68, 71, 10, 0, 0, 0, 242 ],
  [ 45, 56, 68, 72, 0, 0, 0, 10, 225 ],
  [ 45, 52, 68, 72, 0, 10, 0, 0, 8 ],
  [ 45, 57, 68, 72, 0, 10, 0, 0, 242 ],
  [ 45, 57, 64, 72, 0, 0, 10, 0, 233 ],
  [ 45, 57, 64, 72, 0, 0, 10, 0, 8 ],
  [ 45, 57, 64, 76, 0, 0, 0, 10, 242 ],
  [ 45, 57, 64, 75, 0, 0, 0, 10, 233 ],
  [ 45, 57, 64, 75, 0, 0, 0, 10, 8 ],
  [ 45, 57, 64, 76, 0, 0, 0, 10, 242 ],
  [ 45, 57, 64, 75, 0, 0, 0, 10, 242 ],
  [ 45, 57, 64, 76, 0, 0, 0, 10, 242 ],
  [ 45, 57, 64, 71, 0, 0, 0, 10, 242 ],
  [ 45, 57, 64, 74, 0, 0, 0, 10, 233 ],
  [ 45, 57, 64, 74, 0, 0, 0, 10, 8 ],
  [ 45, 57, 64, 72, 0, 0, 0, 10, 242 ],
  [ 45, 57, 64, 72, 10, 0, 0, 0, 200 ],
  [ 45, 57, 64, 72, 10, 0, 0, 0, 8 ],
  [ 45, 52, 64, 69, 0, 10, 0, 10, 142 ],
  [ 45, 52, 57, 69, 0, 10, 10, 10, 8 ],
  [ 45, 52, 60, 69, 0, 0, 10, 0, 233 ],
  [ 45, 52, 64, 69, 0, 0, 10, 0, 233 ],
  [ 45, 52, 64, 69, 0, 0, 0, 10, 233 ],
  [ 40, 52, 64, 69, 10, 0, 0, 0, 200 ],
  [ 40, 52, 64, 69, 10, 0, 0, 0, 8 ],
  [ 40, 52, 64, 71, 0, 10, 0, 10, 158 ],
  [ 40, 56, 64, 71, 0, 10, 0, 0, 242 ],
  [ 40, 56, 62, 71, 0, 0, 10, 0, 233 ],
  [ 40, 56, 62, 71, 0, 0, 10, 0, 8 ],
  [ 36, 39, 44, 71, 0, 0, 0, 10, 8 ],
  [ 36, 39, 45, 71, 0, 0, 10, 0, 233 ],
  [ 36, 39, 45, 71, 0, 0, 10, 0, 8 ],
  [ 36, 39, 52, 71, 0, 0, 10, 0, 192 ],
  [ 36, 39, 60, 69, 0, 0, 10, 10, 8 ],
  [ 36, 39, 57, 69, 0, 0, 10, 0, 233 ],
  [ 36, 39, 57, 71, 0, 0, 0, 10, 242 ],
  [ 36, 39, 57, 72, 0, 0, 0, 10, 242 ],
  [ 36, 39, 57, 74, 0, 0, 0, 10, 233 ],
  [ 36, 39, 57, 74, 0, 0, 0, 10, 8 ],
  [ 36, 39, 48, 74, 0, 0, 10, 0, 217 ],
  [ 36, 39, 48, 74, 0, 0, 10, 0, 8 ],
  [ 36, 39, 55, 74, 0, 0, 10, 0, 158 ],
  [ 36, 39, 55, 74, 0, 0, 10, 0, 8 ],
  [ 36, 39, 60, 76, 0, 0, 10, 10, 233 ],
  [ 36, 39, 60, 76, 0, 0, 10, 10, 8 ],
  [ 36, 39, 67, 76, 0, 0, 10, 0, 242 ],
  [ 36, 39, 67, 77, 0, 0, 0, 10, 242 ],
  [ 36, 39, 67, 76, 0, 0, 0, 10, 242 ],
  [ 36, 43, 67, 76, 0, 10, 0, 0, 225 ],
  [ 36, 43, 55, 76, 0, 0, 10, 0, 183 ],
  [ 36, 43, 59, 76, 0, 0, 10, 0, 242 ],
  [ 36, 43, 59, 74, 0, 0, 0, 10, 8 ],
  [ 36, 43, 65, 74, 0, 0, 10, 0, 242 ],
  [ 36, 43, 65, 76, 0, 0, 0, 10, 242 ],
  [ 36, 43, 65, 74, 0, 0, 0, 10, 242 ],
  [ 36, 45, 65, 74, 0, 10, 0, 0, 233 ],
  [ 36, 45, 65, 74, 0, 10, 0, 0, 8 ],
  [ 36, 52, 65, 74, 0, 10, 0, 0, 192 ],
  [ 36, 52, 65, 74, 0, 10, 0, 0, 8 ],
  [ 36, 57, 65, 72, 0, 10, 0, 10, 233 ],
  [ 36, 57, 65, 72, 0, 10, 0, 10, 8 ],
  [ 36, 57, 64, 72, 0, 0, 10, 0, 242 ],
  [ 36, 57, 64, 74, 0, 0, 0, 10, 233 ],
  [ 36, 57, 64, 74, 0, 0, 0, 10, 8 ],
  [ 36, 57, 64, 72, 0, 0, 0, 10, 233 ],
  [ 40, 57, 64, 71, 10, 0, 0, 10, 233 ],
  [ 40, 57, 64, 71, 10, 0, 0, 0, 8 ],
  [ 40, 52, 64, 71, 0, 10, 0, 0, 225 ],
  [ 40, 52, 64, 71, 0, 0, 10, 0, 233 ],
  [ 40, 52, 64, 71, 0, 0, 10, 0, 233 ],
  [ 40, 52, 64, 71, 0, 0, 10, 0, 8 ],
  [ 40, 52, 64, 76, 0, 0, 0, 10, 242 ],
  [ 40, 52, 64, 76, 0, 0, 10, 0, 242 ],
  [ 40, 52, 64, 76, 0, 0, 0, 10, 242 ],
  [ 40, 52, 64, 76, 0, 0, 0, 10, 242 ],
  [ 36, 39, 44, 75, 0, 0, 0, 10, 75 ],
  [ 36, 39, 44, 76, 0, 0, 0, 10, 25 ],
  [ 36, 39, 44, 75, 0, 0, 0, 10, 233 ],
  [ 36, 39, 44, 75, 0, 0, 0, 10, 8 ],
  [ 36, 39, 44, 76, 0, 0, 0, 10, 242 ],
  [ 36, 39, 44, 75, 0, 0, 0, 10, 233 ],
  [ 36, 39, 44, 76, 0, 0, 0, 10, 233 ],
  [ 36, 39, 44, 75, 0, 0, 0, 10, 233 ],
  [ 36, 39, 44, 75, 0, 0, 0, 10, 8 ],
  [ 36, 39, 44, 76, 0, 0, 0, 10, 233 ],
  [ 36, 39, 44, 76, 0, 0, 0, 10, 8 ],
  [ 36, 39, 44, 75, 0, 0, 0, 10, 233 ],
  [ 36, 39, 44, 76, 0, 0, 0, 10, 242 ],
  [ 36, 39, 44, 75, 0, 0, 0, 10, 242 ],
  [ 36, 39, 44, 76, 0, 0, 0, 10, 233 ],
  [ 36, 39, 44, 76, 0, 0, 0, 10, 8 ],
  [ 36, 39, 44, 71, 0, 0, 0, 10, 242 ],
  [ 36, 39, 44, 74, 0, 0, 0, 10, 242 ],
  [ 36, 39, 44, 72, 0, 0, 0, 10, 233 ],
  [ 36, 39, 44, 72, 0, 0, 0, 10, 8 ],
  [ 36, 39, 45, 72, 0, 0, 10, 0, 208 ],
  [ 36, 39, 52, 72, 0, 0, 10, 0, 150 ],
  [ 36, 39, 52, 72, 0, 0, 10, 0, 8 ],
  [ 36, 39, 52, 69, 0, 0, 0, 10, 233 ],
  [ 36, 39, 57, 69, 0, 0, 10, 10, 8 ],
  [ 36, 39, 60, 69, 0, 0, 10, 0, 242 ],
  [ 36, 39, 64, 69, 0, 0, 10, 0, 233 ],
  [ 36, 39, 64, 69, 0, 0, 0, 10, 233 ],
  [ 36, 40, 64, 69, 0, 10, 0, 0, 208 ],
  [ 36, 40, 52, 69, 0, 0, 10, 0, 175 ],
  [ 52, 56, 61, 71, 10, 10, 0, 10, 8 ],
  [ 52, 56, 64, 71, 0, 0, 10, 0, 242 ],
  [ 52, 56, 64, 68, 0, 0, 0, 10, 242 ],
  [ 52, 56, 64, 71, 0, 0, 0, 10, 233 ],
  [ 52, 56, 64, 71, 0, 0, 0, 10, 8 ],
  [ 45, 56, 64, 71, 10, 0, 0, 0, 200 ],
  [ 45, 52, 64, 72, 0, 10, 0, 10, 142 ],
  [ 45, 57, 64, 72, 0, 10, 0, 0, 242 ],
  [ 45, 57, 64, 72, 0, 0, 10, 0, 233 ],
  [ 45, 57, 64, 72, 0, 0, 10, 0, 8 ],
  [ 45, 57, 64, 76, 0, 0, 0, 10, 242 ],
  [ 45, 57, 64, 75, 0, 0, 0, 10, 233 ],
  [ 45, 57, 64, 75, 0, 0, 0, 10, 8 ],
  [ 45, 57, 64, 76, 0, 0, 0, 10, 233 ],
  [ 45, 57, 64, 76, 0, 0, 0, 10, 8 ],
  [ 45, 57, 64, 75, 0, 0, 0, 10, 242 ],
  [ 45, 57, 64, 76, 0, 0, 0, 10, 242 ],
  [ 45, 57, 64, 71, 0, 0, 0, 10, 242 ],
  [ 45, 57, 64, 74, 0, 0, 0, 10, 242 ],
  [ 45, 57, 64, 72, 0, 0, 0, 10, 242 ],
  [ 45, 57, 64, 72, 10, 0, 0, 0, 108 ],
  [ 45, 52, 64, 72, 0, 10, 0, 0, 58 ],
  [ 45, 52, 64, 72, 0, 10, 0, 0, 8 ],
  [ 45, 57, 64, 69, 0, 10, 0, 10, 233 ],
  [ 45, 57, 64, 69, 0, 10, 0, 10, 8 ],
  [ 45, 60, 65, 69, 0, 10, 0, 0, 242 ],
  [ 45, 59, 64, 69, 0, 0, 10, 0, 233 ],
  [ 45, 59, 64, 69, 0, 0, 10, 0, 8 ],
  [ 45, 59, 64, 69, 0, 0, 0, 10, 242 ],
  [ 40, 59, 64, 69, 10, 0, 0, 0, 117 ],
  [ 40, 52, 64, 71, 0, 10, 0, 10, 83 ],
  [ 40, 56, 64, 71, 0, 10, 0, 0, 233 ],
  [ 40, 56, 64, 71, 0, 10, 0, 0, 8 ],
  [ 40, 56, 64, 72, 0, 0, 0, 10, 233 ],
  [ 40, 56, 64, 71, 0, 0, 0, 10, 242 ],
  [ 40, 56, 62, 71, 0, 0, 10, 0, 8 ],
  [ 45, 56, 62, 71, 10, 0, 0, 0, 192 ],
  [ 45, 56, 62, 69, 0, 0, 0, 10, 142 ],
  [ 45, 55, 60, 69, 10, 0, 10, 0, 8 ],
  [ 45, 55, 60, 69, 10, 0, 0, 0, 233 ],
  [ 45, 55, 60, 69, 10, 0, 0, 0, 233 ],
  [ 45, 55, 60, 69, 10, 0, 0, 0, 8 ],
  [ 45, 55, 60, 69, 10, 0, 0, 0, 242 ],
  [ 45, 55, 60, 69, 10, 0, 0, 0, 167 ],
  [ 45, 55, 60, 69, 10, 0, 0, 0, 8 ],
  [ 45, 55, 60, 69, 10, 0, 0, 0, 167 ],
  [ 45, 55, 60, 69, 10, 0, 0, 0, 8 ],
  [ 45, 55, 60, 69, 10, 0, 0, 0, 233 ],
  [ 45, 55, 60, 69, 10, 0, 0, 0, 8 ],
  [ 45, 55, 60, 69, 10, 0, 0, 0, 242 ],
  [ 45, 55, 64, 70, 10, 0, 10, 10, 242 ],
  [ 64, 67, 73, 76, 10, 10, 10, 0, 8 ],
  [ 45, 67, 73, 76, 10, 0, 0, 0, 242 ],
  [ 45, 67, 73, 76, 10, 0, 0, 0, 208 ],
  [ 45, 67, 73, 76, 10, 0, 0, 0, 208 ],
  [ 45, 67, 73, 76, 10, 0, 0, 0, 8 ],
  [ 45, 65, 74, 77, 0, 10, 10, 0, 233 ],
  [ 36, 39, 45, 48, 0, 0, 10, 0, 233 ],
  [ 36, 45, 73, 76, 0, 10, 10, 10, 233 ],
  [ 36, 45, 73, 76, 0, 10, 0, 10, 8 ],
  [ 36, 45, 74, 77, 0, 10, 10, 10, 233 ],
  [ 36, 45, 74, 77, 0, 10, 10, 0, 8 ],
  [ 36, 45, 74, 77, 0, 10, 0, 0, 233 ],
  [ 36, 45, 74, 77, 0, 10, 0, 0, 200 ],
  [ 36, 45, 74, 77, 0, 10, 0, 0, 8 ],
  [ 36, 45, 68, 74, 0, 0, 10, 10, 233 ],
  [ 45, 68, 74, 77, 10, 10, 10, 10, 8 ],
  [ 45, 68, 74, 77, 10, 0, 0, 0, 242 ],
  [ 45, 68, 74, 77, 0, 10, 0, 0, 233 ],
  [ 45, 68, 74, 77, 10, 10, 10, 10, 8 ],
  [ 45, 68, 74, 77, 10, 0, 0, 0, 233 ],
  [ 45, 68, 74, 77, 10, 0, 0, 0, 17 ],
  [ 45, 68, 74, 77, 10, 0, 0, 0, 242 ],
  [ 45, 68, 74, 77, 10, 0, 0, 0, 233 ],
  [ 45, 68, 74, 77, 10, 0, 0, 0, 8 ],
  [ 45, 68, 74, 77, 10, 0, 0, 0, 233 ],
  [ 45, 68, 74, 77, 10, 0, 0, 0, 8 ],
  [ 45, 67, 72, 77, 0, 0, 10, 0, 233 ],
  [ 45, 64, 69, 76, 10, 0, 10, 10, 8 ],
  [ 45, 64, 69, 76, 10, 0, 0, 0, 8 ],
  [ 38, 45, 69, 76, 10, 10, 0, 0, 233 ],
  [ 38, 45, 69, 76, 10, 0, 0, 0, 233 ],
  [ 38, 45, 69, 76, 10, 10, 0, 0, 8 ],
  [ 38, 45, 65, 74, 10, 10, 10, 10, 233 ],
  [ 38, 45, 65, 74, 0, 10, 10, 0, 8 ],
  [ 38, 45, 65, 74, 10, 10, 0, 0, 233 ],
  [ 38, 45, 65, 74, 10, 10, 0, 0, 8 ],
  [ 38, 45, 65, 74, 10, 10, 0, 0, 233 ],
  [ 38, 45, 64, 72, 10, 0, 10, 10, 8 ],
  [ 38, 45, 62, 71, 10, 10, 10, 10, 233 ],
  [ 38, 45, 62, 71, 10, 10, 10, 10, 8 ],
  [ 39, 45, 62, 71, 10, 0, 0, 0, 233 ],
  [ 39, 45, 62, 71, 10, 10, 0, 0, 8 ],
  [ 39, 45, 62, 71, 10, 10, 0, 0, 192 ],
  [ 39, 45, 62, 71, 10, 0, 0, 0, 8 ],
  [ 39, 45, 66, 71, 10, 0, 10, 0, 233 ],
  [ 39, 45, 66, 71, 10, 10, 10, 0, 8 ],
  [ 39, 45, 60, 69, 10, 10, 10, 10, 233 ],
  [ 39, 45, 60, 69, 0, 10, 0, 10, 233 ],
  [ 39, 45, 60, 69, 10, 10, 10, 0, 8 ],
  [ 39, 45, 60, 69, 10, 10, 0, 0, 233 ],
  [ 40, 45, 60, 69, 10, 10, 10, 0, 233 ],
  [ 40, 45, 60, 69, 0, 0, 0, 10, 8 ],
  [ 40, 45, 60, 69, 10, 10, 0, 0, 233 ],
  [ 40, 45, 64, 72, 10, 0, 10, 10, 233 ],
  [ 40, 45, 64, 72, 10, 10, 10, 10, 8 ],
  [ 40, 45, 64, 72, 10, 10, 0, 0, 233 ],
  [ 40, 44, 62, 72, 10, 10, 10, 0, 233 ],
  [ 40, 44, 62, 71, 0, 10, 0, 10, 8 ],
  [ 40, 44, 62, 71, 10, 10, 0, 0, 25 ],
  [ 40, 45, 62, 71, 0, 10, 0, 0, 233 ],
  [ 36, 39, 45, 48, 0, 0, 10, 0, 233 ],
  [ 36, 39, 45, 48, 0, 0, 10, 0, 8 ],
  [ 36, 45, 60, 69, 0, 10, 10, 10, 233 ],
  [ 36, 45, 60, 69, 0, 10, 0, 10, 8 ],
  [ 36, 45, 60, 69, 0, 10, 0, 0, 233 ],
  [ 36, 45, 60, 69, 0, 10, 0, 0, 8 ],
  [ 36, 45, 60, 69, 0, 10, 0, 0, 233 ],
  [ 36, 45, 60, 69, 0, 10, 0, 0, 217 ],
  [ 36, 45, 60, 69, 0, 10, 0, 0, 167 ],
  [ 36, 45, 60, 69, 0, 10, 0, 0, 242 ],
  [ 36, 45, 60, 69, 0, 10, 0, 0, 233 ],
  [ 36, 45, 60, 69, 0, 10, 0, 0, 8 ],
  [ 36, 39, 45, 48, 0, 0, 10, 0, 233 ],
  [ 36, 39, 45, 48, 0, 0, 10, 0, 225 ],
  [ 36, 39, 45, 48, 0, 0, 10, 0, 8 ],
  [ 36, 39, 45, 48, 0, 0, 10, 0, 192 ],
  [ 36, 39, 45, 48, 0, 0, 10, 0, 8 ],
  [ 65, 69, 74, 77, 10, 10, 10, 0, 233 ],
  [ 36, 39, 45, 48, 0, 0, 10, 0, 233 ],
  [ 36, 39, 73, 76, 0, 0, 10, 10, 233 ],
  [ 36, 45, 73, 76, 0, 10, 10, 10, 8 ],
  [ 36, 45, 73, 77, 0, 0, 0, 10, 233 ],
  [ 36, 45, 74, 77, 0, 10, 10, 10, 8 ],
  [ 36, 45, 74, 77, 0, 10, 0, 0, 192 ],
  [ 36, 45, 74, 77, 0, 10, 0, 0, 8 ],
  [ 36, 45, 74, 77, 0, 10, 0, 0, 158 ],
  [ 36, 45, 74, 77, 0, 10, 0, 0, 8 ],
  [ 36, 45, 74, 77, 0, 10, 0, 10, 242 ],
  [ 36, 45, 74, 77, 0, 0, 10, 10, 8 ],
  [ 36, 45, 74, 77, 0, 10, 0, 0, 242 ],
  [ 36, 45, 74, 77, 0, 10, 0, 0, 233 ],
  [ 36, 45, 74, 77, 0, 10, 10, 10, 8 ],
  [ 36, 45, 74, 77, 0, 10, 0, 0, 242 ],
  [ 36, 46, 74, 77, 0, 10, 0, 0, 175 ],
  [ 36, 46, 74, 77, 0, 10, 0, 0, 8 ],
  [ 36, 46, 74, 77, 0, 10, 0, 0, 133 ],
  [ 36, 46, 74, 77, 0, 10, 0, 0, 8 ],
  [ 36, 46, 74, 77, 0, 10, 0, 0, 233 ],
  [ 36, 46, 74, 77, 0, 10, 0, 0, 233 ],
  [ 36, 46, 74, 77, 0, 10, 0, 0, 8 ],
  [ 36, 46, 74, 77, 0, 0, 0, 10, 233 ],
  [ 36, 46, 74, 77, 0, 10, 10, 10, 8 ],
  [ 36, 46, 74, 77, 0, 10, 0, 0, 233 ],
  [ 36, 46, 74, 77, 0, 10, 0, 0, 175 ],
  [ 36, 46, 74, 77, 0, 10, 0, 0, 8 ],
  [ 36, 46, 67, 77, 0, 10, 10, 0, 233 ],
  [ 36, 46, 67, 75, 0, 10, 0, 10, 8 ],
  [ 36, 46, 67, 75, 0, 10, 0, 0, 242 ],
  [ 36, 46, 65, 75, 0, 10, 10, 0, 233 ],
  [ 36, 46, 65, 74, 0, 10, 0, 10, 8 ],
  [ 36, 46, 63, 72, 0, 10, 10, 10, 233 ],
  [ 36, 46, 63, 72, 0, 10, 0, 0, 233 ],
  [ 36, 46, 63, 72, 0, 10, 0, 0, 8 ],
  [ 36, 46, 63, 72, 0, 10, 0, 0, 200 ],
  [ 36, 46, 63, 72, 0, 10, 0, 0, 233 ],
  [ 36, 46, 63, 70, 0, 10, 0, 10, 242 ],
  [ 62, 65, 70, 73, 10, 10, 10, 0, 8 ],
  [ 46, 64, 69, 73, 10, 0, 10, 0, 233 ],
  [ 46, 64, 69, 73, 10, 0, 0, 0, 8 ],
  [ 46, 65, 70, 73, 0, 10, 0, 0, 233 ],
  [ 46, 62, 70, 73, 10, 10, 0, 0, 8 ],
  [ 47, 62, 70, 73, 10, 0, 0, 0, 200 ],
  [ 47, 62, 70, 73, 10, 0, 0, 0, 117 ],
  [ 47, 62, 70, 73, 10, 0, 0, 0, 8 ],
  [ 47, 60, 65, 68, 0, 0, 10, 10, 233 ],
  [ 36, 39, 44, 47, 0, 0, 0, 10, 233 ],
  [ 36, 39, 62, 65, 0, 0, 10, 10, 233 ],
  [ 36, 47, 65, 68, 0, 10, 10, 10, 8 ],
  [ 36, 47, 65, 68, 0, 10, 0, 0, 233 ],
  [ 36, 48, 65, 68, 0, 10, 0, 0, 242 ],
  [ 36, 48, 65, 68, 0, 10, 0, 0, 8 ],
  [ 60, 64, 69, 72, 10, 10, 10, 0, 242 ],
  [ 60, 64, 69, 72, 10, 10, 0, 0, 8 ],
  [ 52, 56, 64, 71, 10, 10, 10, 10, 125 ],
  [ 52, 56, 64, 71, 0, 10, 0, 10, 8 ],
  [ 52, 57, 64, 71, 0, 10, 0, 0, 133 ],
  [ 52, 60, 65, 71, 0, 10, 0, 0, 150 ],
  [ 52, 60, 65, 71, 0, 10, 0, 0, 8 ],
  [ 36, 39, 44, 69, 0, 0, 0, 10, 8 ],
  [ 36, 39, 44, 72, 0, 0, 0, 10, 150 ],
  [ 36, 39, 44, 72, 0, 0, 0, 10, 8 ],
  [ 36, 39, 44, 76, 0, 0, 0, 10, 158 ],
  [ 36, 39, 44, 74, 0, 0, 0, 10, 150 ],
  [ 36, 39, 44, 74, 0, 0, 0, 10, 8 ],
  [ 36, 39, 57, 74, 0, 0, 10, 0, 75 ],
  [ 36, 39, 57, 64, 0, 0, 10, 10, 8 ],
  [ 36, 39, 57, 72, 0, 0, 0, 10, 75 ],
  [ 36, 39, 57, 71, 0, 0, 0, 10, 150 ],
  [ 36, 39, 60, 71, 0, 0, 10, 10, 8 ],
  [ 36, 39, 60, 69, 0, 0, 0, 10, 158 ],
  [ 36, 39, 60, 64, 0, 0, 10, 10, 67 ],
  [ 36, 39, 44, 72, 0, 0, 0, 10, 83 ],
  [ 36, 39, 44, 76, 0, 0, 0, 10, 158 ],
  [ 36, 39, 44, 81, 0, 0, 0, 10, 150 ],
  [ 36, 39, 44, 81, 0, 0, 0, 10, 8 ],
  [ 36, 39, 57, 60, 0, 0, 10, 10, 67 ],
  [ 36, 39, 57, 64, 0, 0, 0, 10, 8 ],
  [ 36, 39, 44, 81, 0, 0, 0, 10, 158 ],
  [ 36, 39, 44, 60, 0, 0, 0, 10, 8 ],
  [ 36, 39, 60, 64, 0, 0, 10, 10, 67 ],
  [ 36, 39, 57, 60, 0, 0, 10, 10, 8 ],
  [ 36, 39, 44, 57, 0, 0, 0, 10, 8 ],
  [ 36, 39, 44, 82, 0, 0, 0, 10, 158 ],
  [ 36, 39, 44, 81, 0, 0, 0, 10, 150 ],
  [ 36, 39, 44, 81, 0, 0, 0, 10, 8 ],
  [ 36, 39, 44, 80, 0, 0, 0, 10, 158 ],
  [ 36, 39, 44, 79, 0, 0, 0, 10, 150 ],
  [ 36, 39, 44, 79, 0, 0, 0, 10, 8 ],
  [ 36, 39, 44, 78, 0, 0, 0, 10, 158 ],
  [ 36, 39, 44, 77, 0, 0, 0, 10, 150 ],
  [ 36, 39, 44, 77, 0, 0, 0, 10, 8 ],
  [ 36, 39, 44, 76, 0, 0, 0, 10, 242 ],
  [ 36, 39, 44, 75, 0, 0, 0, 10, 233 ],
  [ 36, 39, 44, 75, 0, 0, 0, 10, 8 ],
  [ 36, 39, 44, 76, 0, 0, 0, 10, 242 ],
  [ 36, 39, 44, 71, 0, 0, 0, 10, 233 ],
  [ 36, 39, 44, 71, 0, 0, 0, 10, 8 ],
  [ 36, 39, 44, 74, 0, 0, 0, 10, 242 ],
  [ 36, 39, 44, 72, 0, 0, 0, 10, 242 ],
  [ 36, 39, 45, 72, 0, 0, 10, 0, 233 ],
  [ 36, 39, 52, 69, 0, 0, 10, 10, 142 ],
  [ 36, 39, 57, 69, 0, 0, 10, 0, 233 ],
  [ 36, 39, 57, 69, 0, 0, 10, 0, 8 ],
  [ 36, 39, 60, 69, 0, 0, 10, 0, 242 ],
  [ 36, 39, 64, 69, 0, 0, 10, 0, 242 ],
  [ 36, 39, 64, 69, 0, 0, 0, 10, 233 ],
  [ 36, 40, 64, 69, 0, 10, 0, 0, 142 ],
  [ 36, 40, 64, 69, 0, 10, 0, 0, 8 ],
  [ 36, 40, 52, 71, 0, 0, 10, 10, 50 ],
  [ 36, 40, 52, 71, 0, 0, 10, 0, 8 ],
  [ 36, 40, 56, 71, 0, 0, 10, 0, 233 ],
  [ 36, 40, 56, 71, 0, 0, 10, 0, 8 ],
  [ 36, 40, 56, 64, 0, 0, 0, 10, 242 ],
  [ 36, 40, 56, 68, 0, 0, 0, 10, 242 ],
  [ 36, 40, 56, 71, 0, 0, 0, 10, 233 ],
  [ 36, 45, 56, 71, 0, 10, 0, 0, 150 ],
  [ 36, 45, 52, 71, 0, 0, 10, 0, 100 ],
  [ 36, 45, 52, 72, 0, 0, 0, 10, 8 ],
  [ 36, 45, 57, 72, 0, 0, 10, 0, 242 ],
  [ 36, 45, 64, 72, 0, 0, 10, 0, 233 ],
  [ 36, 45, 64, 76, 0, 0, 0, 10, 242 ],
  [ 36, 45, 64, 75, 0, 0, 0, 10, 242 ],
  [ 36, 45, 64, 76, 0, 0, 0, 10, 233 ],
  [ 36, 45, 64, 75, 0, 0, 0, 10, 242 ],
  [ 36, 45, 64, 76, 0, 0, 0, 10, 233 ],
  [ 36, 45, 64, 76, 0, 0, 0, 10, 8 ],
  [ 36, 45, 64, 71, 0, 0, 0, 10, 233 ],
  [ 36, 45, 64, 74, 0, 0, 0, 10, 233 ],
  [ 36, 45, 64, 72, 0, 0, 0, 10, 233 ],
  [ 36, 45, 64, 72, 0, 10, 0, 0, 233 ],
  [ 36, 45, 64, 69, 0, 0, 0, 10, 17 ],
  [ 36, 52, 57, 69, 0, 10, 10, 10, 8 ],
  [ 36, 52, 60, 69, 0, 0, 10, 0, 242 ],
  [ 36, 52, 64, 69, 0, 0, 10, 0, 233 ],
  [ 36, 52, 64, 69, 0, 0, 0, 10, 233 ],
  [ 40, 52, 64, 69, 10, 0, 0, 0, 208 ],
  [ 40, 52, 64, 69, 10, 0, 0, 0, 8 ],
  [ 40, 52, 64, 71, 0, 10, 0, 10, 75 ],
  [ 40, 56, 64, 71, 0, 10, 0, 0, 233 ],
  [ 40, 56, 62, 71, 0, 0, 10, 0, 233 ],
  [ 40, 56, 62, 71, 0, 0, 10, 0, 8 ],
  [ 40, 56, 62, 72, 0, 0, 0, 10, 242 ],
  [ 40, 56, 62, 71, 0, 0, 0, 10, 242 ],
  [ 45, 56, 62, 71, 10, 0, 0, 0, 183 ],
  [ 45, 56, 62, 71, 10, 0, 0, 0, 8 ],
  [ 45, 55, 60, 71, 0, 0, 10, 0, 133 ],
  [ 36, 39, 44, 71, 0, 0, 0, 10, 242 ],
  [ 36, 39, 44, 72, 0, 0, 0, 10, 233 ],
  [ 36, 39, 44, 72, 0, 0, 0, 10, 8 ],
  [ 36, 39, 44, 74, 0, 0, 0, 10, 242 ],
  [ 36, 39, 48, 74, 0, 0, 10, 0, 217 ],
  [ 36, 39, 55, 74, 0, 0, 10, 0, 117 ],
  [ 36, 39, 55, 76, 0, 0, 0, 10, 233 ],
  [ 36, 39, 60, 76, 0, 0, 10, 0, 8 ],
  [ 36, 39, 67, 76, 0, 0, 10, 0, 242 ],
  [ 36, 39, 67, 77, 0, 0, 0, 10, 242 ],
  [ 36, 39, 67, 76, 0, 0, 0, 10, 233 ],
  [ 36, 39, 67, 76, 0, 0, 0, 10, 8 ],
  [ 36, 43, 67, 76, 0, 10, 0, 0, 233 ],
  [ 36, 43, 67, 76, 0, 10, 0, 0, 8 ],
  [ 36, 43, 55, 76, 0, 0, 10, 0, 158 ],
  [ 36, 43, 55, 76, 0, 0, 10, 0, 8 ],
  [ 36, 43, 59, 74, 0, 0, 10, 10, 233 ],
  [ 36, 43, 59, 74, 0, 0, 10, 0, 8 ],
  [ 36, 43, 65, 74, 0, 0, 10, 0, 242 ],
  [ 36, 43, 65, 76, 0, 0, 0, 10, 233 ],
  [ 36, 43, 65, 76, 0, 0, 0, 10, 8 ],
  [ 36, 43, 65, 74, 0, 0, 0, 10, 233 ],
  [ 36, 43, 65, 74, 0, 0, 0, 10, 8 ],
  [ 36, 45, 65, 74, 0, 10, 0, 0, 125 ],
  [ 36, 52, 65, 74, 0, 10, 0, 0, 233 ],
  [ 36, 57, 65, 74, 0, 10, 0, 0, 208 ],
  [ 36, 57, 65, 72, 0, 10, 0, 10, 8 ],
  [ 36, 57, 64, 72, 0, 0, 10, 0, 242 ],
  [ 36, 57, 64, 74, 0, 0, 0, 10, 242 ],
  [ 36, 57, 64, 72, 0, 0, 0, 10, 242 ],
  [ 40, 57, 64, 71, 10, 0, 0, 10, 233 ],
  [ 40, 57, 64, 71, 10, 0, 0, 10, 8 ],
  [ 40, 52, 64, 71, 0, 10, 0, 0, 192 ],
  [ 40, 52, 64, 71, 0, 10, 0, 0, 8 ],
  [ 40, 52, 64, 71, 0, 0, 10, 0, 242 ],
  [ 40, 52, 64, 71, 0, 0, 10, 0, 233 ],
  [ 40, 52, 64, 76, 0, 0, 0, 10, 233 ],
  [ 40, 52, 64, 76, 0, 0, 10, 0, 242 ],
  [ 40, 52, 64, 76, 0, 0, 0, 10, 242 ],
  [ 40, 52, 64, 76, 0, 0, 0, 10, 242 ],
  [ 36, 39, 44, 75, 0, 0, 0, 10, 242 ],
  [ 36, 39, 44, 76, 0, 0, 0, 10, 233 ],
  [ 36, 39, 44, 75, 0, 0, 0, 10, 242 ],
  [ 36, 39, 44, 76, 0, 0, 0, 10, 233 ],
  [ 36, 39, 44, 76, 0, 0, 0, 10, 8 ],
  [ 36, 39, 44, 75, 0, 0, 0, 10, 242 ],
  [ 36, 39, 44, 76, 0, 0, 0, 10, 233 ],
  [ 36, 39, 44, 75, 0, 0, 0, 10, 233 ],
  [ 36, 39, 44, 75, 0, 0, 0, 10, 8 ],
  [ 36, 39, 44, 76, 0, 0, 0, 10, 242 ],
  [ 36, 39, 44, 75, 0, 0, 0, 10, 233 ],
  [ 36, 39, 44, 75, 0, 0, 0, 10, 8 ],
  [ 36, 39, 44, 76, 0, 0, 0, 10, 242 ],
  [ 36, 39, 44, 75, 0, 0, 0, 10, 233 ],
  [ 36, 39, 44, 76, 0, 0, 0, 10, 233 ],
  [ 36, 39, 44, 71, 0, 0, 0, 10, 242 ],
  [ 36, 39, 44, 74, 0, 0, 0, 10, 233 ],
  [ 36, 39, 44, 74, 0, 0, 0, 10, 8 ],
  [ 36, 39, 44, 72, 0, 0, 0, 10, 233 ],
  [ 36, 39, 44, 72, 0, 0, 0, 10, 8 ],
  [ 36, 39, 45, 72, 0, 0, 10, 0, 192 ],
  [ 36, 39, 45, 72, 0, 0, 10, 0, 8 ],
  [ 36, 39, 52, 72, 0, 0, 10, 0, 125 ],
  [ 36, 39, 52, 72, 0, 0, 10, 0, 8 ],
  [ 36, 39, 52, 69, 0, 0, 0, 10, 233 ],
  [ 36, 39, 57, 69, 0, 0, 10, 10, 8 ],
  [ 36, 39, 60, 69, 0, 0, 10, 0, 233 ],
  [ 36, 39, 60, 69, 0, 0, 10, 0, 8 ],
  [ 36, 39, 64, 69, 0, 0, 10, 0, 242 ],
  [ 36, 39, 64, 69, 0, 0, 0, 10, 242 ],
  [ 36, 40, 64, 69, 0, 10, 0, 0, 183 ],
  [ 36, 40, 52, 69, 0, 0, 10, 0, 100 ],
  [ 36, 40, 52, 71, 0, 0, 0, 10, 233 ],
  [ 36, 40, 56, 71, 0, 0, 10, 0, 8 ],
  [ 36, 40, 56, 64, 0, 0, 0, 10, 242 ],
  [ 36, 40, 56, 68, 0, 0, 0, 10, 233 ],
  [ 36, 40, 56, 68, 0, 0, 0, 10, 8 ],
  [ 36, 40, 56, 71, 0, 0, 0, 10, 233 ],
  [ 36, 40, 56, 71, 0, 0, 0, 10, 8 ],
  [ 36, 45, 56, 71, 0, 10, 0, 0, 175 ],
  [ 36, 45, 52, 72, 0, 0, 10, 10, 133 ],
  [ 36, 45, 52, 72, 0, 0, 0, 10, 8 ],
  [ 36, 45, 57, 72, 0, 0, 10, 0, 233 ],
  [ 36, 45, 57, 72, 0, 0, 10, 0, 8 ],
  [ 36, 45, 64, 72, 0, 0, 10, 0, 242 ],
  [ 36, 45, 64, 76, 0, 0, 0, 10, 233 ],
  [ 36, 45, 64, 75, 0, 0, 0, 10, 242 ],
  [ 36, 45, 64, 76, 0, 0, 0, 10, 242 ],
  [ 36, 45, 64, 75, 0, 0, 0, 10, 233 ],
  [ 36, 45, 64, 75, 0, 0, 0, 10, 8 ],
  [ 36, 45, 64, 76, 0, 0, 0, 10, 233 ],
  [ 36, 45, 64, 71, 0, 0, 0, 10, 233 ],
  [ 36, 45, 64, 71, 0, 0, 0, 10, 8 ],
  [ 36, 45, 64, 74, 0, 0, 0, 10, 233 ],
  [ 36, 45, 64, 74, 0, 0, 0, 10, 8 ],
  [ 36, 45, 64, 72, 0, 0, 0, 10, 242 ],
  [ 36, 45, 64, 72, 0, 10, 0, 0, 217 ],
  [ 36, 52, 64, 69, 0, 10, 0, 10, 167 ],
  [ 36, 52, 57, 69, 0, 10, 10, 10, 8 ],
  [ 36, 52, 60, 69, 0, 0, 10, 0, 233 ],
  [ 36, 52, 60, 69, 0, 0, 10, 0, 8 ],
  [ 36, 52, 64, 69, 0, 0, 10, 0, 233 ],
  [ 36, 52, 64, 69, 0, 0, 10, 0, 8 ],
  [ 36, 52, 64, 69, 0, 0, 0, 10, 233 ],
  [ 36, 52, 64, 69, 0, 0, 0, 10, 8 ],
  [ 40, 52, 64, 69, 10, 0, 0, 0, 167 ],
  [ 40, 52, 64, 71, 0, 10, 0, 10, 75 ],
  [ 40, 52, 64, 71, 0, 10, 0, 10, 8 ],
  [ 40, 56, 64, 71, 0, 10, 0, 0, 242 ],
  [ 40, 56, 64, 72, 0, 0, 0, 10, 233 ],
  [ 40, 56, 64, 72, 0, 0, 0, 10, 8 ],
  [ 40, 56, 64, 71, 0, 0, 0, 10, 42 ],
  [ 40, 56, 62, 71, 0, 0, 10, 10, 8 ] ]
