[ [ 68, 70, 74, 76, 0, 0, 0, 0, 0 ],
  [ 66, 69, 74, 77, 0, 0, 0, 10, 350 ],
  [ 66, 69, 74, 77, 0, 0, 10, 0, 350 ],
  [ 64, 67, 72, 77, 0, 0, 10, 0, 350 ],
  [ 64, 69, 74, 77, 0, 10, 0, 0, 350 ],
  [ 64, 67, 72, 77, 0, 0, 10, 0, 112 ],
  [ 64, 67, 74, 77, 0, 0, 10, 0, 112 ],
  [ 64, 67, 72, 77, 0, 0, 10, 0, 112 ],
  [ 62, 65, 70, 77, 0, 0, 10, 0, 112 ],
  [ 61, 64, 69, 77, 0, 0, 10, 0, 112 ],
  [ 59, 62, 67, 77, 0, 0, 10, 0, 112 ],
  [ 57, 60, 65, 77, 0, 0, 10, 0, 112 ],
  [ 57, 60, 65, 77, 0, 0, 0, 0, 231 ],
  [ 57, 60, 69, 77, 0, 0, 10, 0, 231 ],
  [ 57, 60, 67, 77, 0, 0, 10, 0, 112 ],
  [ 57, 60, 65, 77, 0, 0, 10, 0, 231 ],
  [ 57, 60, 65, 77, 0, 0, 10, 0, 112 ],
  [ 57, 60, 65, 77, 0, 0, 10, 0, 231 ],
  [ 57, 60, 67, 77, 0, 0, 10, 0, 112 ],
  [ 57, 60, 69, 77, 0, 0, 10, 0, 231 ],
  [ 57, 60, 69, 77, 0, 0, 10, 0, 112 ],
  [ 57, 60, 69, 77, 0, 0, 10, 0, 112 ],
  [ 57, 60, 67, 77, 0, 0, 10, 0, 112 ],
  [ 57, 60, 65, 77, 0, 0, 10, 0, 112 ],
  [ 57, 60, 67, 77, 0, 0, 10, 0, 112 ],
  [ 57, 60, 69, 77, 0, 0, 10, 0, 112 ],
  [ 57, 60, 67, 77, 0, 0, 10, 0, 112 ],
  [ 57, 60, 65, 77, 0, 0, 10, 0, 231 ],
  [ 56, 59, 64, 77, 0, 0, 10, 0, 112 ],
  [ 56, 59, 65, 77, 0, 0, 10, 0, 581 ],
  [ 56, 59, 67, 77, 0, 0, 10, 0, 112 ],
  [ 56, 59, 69, 77, 0, 0, 10, 0, 112 ],
  [ 56, 59, 69, 77, 0, 0, 10, 0, 112 ],
  [ 56, 59, 69, 77, 0, 0, 10, 0, 112 ],
  [ 56, 59, 69, 77, 0, 0, 10, 0, 231 ],
  [ 56, 59, 70, 77, 0, 0, 10, 0, 112 ],
  [ 56, 59, 72, 77, 0, 0, 10, 0, 112 ],
  [ 56, 59, 72, 77, 0, 0, 10, 0, 112 ],
  [ 56, 59, 72, 77, 0, 0, 10, 0, 112 ],
  [ 56, 59, 72, 77, 0, 0, 10, 0, 231 ],
  [ 56, 59, 72, 77, 0, 0, 10, 0, 112 ],
  [ 56, 59, 72, 77, 0, 0, 10, 0, 112 ],
  [ 56, 59, 67, 77, 0, 0, 10, 0, 112 ],
  [ 56, 59, 67, 77, 0, 0, 10, 0, 112 ],
  [ 56, 59, 67, 77, 0, 0, 10, 0, 231 ],
  [ 56, 59, 69, 77, 0, 0, 10, 0, 112 ],
  [ 56, 59, 67, 77, 0, 0, 10, 0, 581 ],
  [ 56, 59, 67, 72, 0, 0, 0, 10, 112 ],
  [ 56, 59, 67, 74, 0, 0, 0, 10, 231 ],
  [ 56, 59, 70, 74, 0, 0, 10, 0, 112 ],
  [ 56, 59, 70, 74, 0, 0, 0, 10, 231 ],
  [ 56, 59, 70, 74, 0, 0, 10, 0, 112 ],
  [ 56, 59, 70, 74, 0, 0, 0, 10, 112 ],
  [ 56, 59, 70, 77, 0, 0, 0, 10, 350 ],
  [ 56, 59, 70, 76, 0, 0, 0, 10, 112 ],
  [ 56, 59, 70, 74, 0, 0, 0, 10, 112 ],
  [ 56, 59, 69, 72, 0, 0, 0, 10, 231 ],
  [ 56, 59, 69, 72, 0, 0, 10, 0, 112 ],
  [ 56, 59, 69, 72, 0, 0, 0, 10, 231 ],
  [ 56, 59, 69, 72, 0, 0, 10, 0, 112 ],
  [ 56, 59, 69, 72, 0, 0, 0, 10, 112 ],
  [ 56, 59, 69, 72, 0, 0, 0, 0, 231 ],
  [ 56, 59, 69, 72, 0, 0, 10, 0, 231 ],
  [ 56, 59, 67, 72, 0, 0, 10, 0, 112 ],
  [ 56, 59, 65, 72, 0, 0, 10, 0, 231 ],
  [ 56, 59, 65, 72, 0, 0, 10, 0, 112 ],
  [ 56, 59, 65, 72, 0, 0, 10, 0, 231 ],
  [ 56, 59, 67, 72, 0, 0, 10, 0, 112 ],
  [ 56, 59, 69, 72, 0, 0, 10, 0, 231 ],
  [ 56, 59, 69, 72, 0, 0, 10, 0, 112 ],
  [ 56, 59, 69, 72, 0, 0, 10, 0, 112 ],
  [ 56, 59, 67, 72, 0, 0, 10, 0, 112 ],
  [ 56, 59, 65, 72, 0, 0, 10, 0, 112 ],
  [ 56, 59, 67, 72, 0, 0, 10, 0, 112 ],
  [ 56, 59, 69, 72, 0, 0, 10, 0, 112 ],
  [ 56, 59, 67, 72, 0, 0, 10, 0, 112 ],
  [ 56, 59, 65, 72, 0, 0, 10, 0, 231 ],
  [ 56, 59, 64, 72, 0, 0, 10, 0, 112 ],
  [ 56, 59, 65, 72, 0, 0, 10, 0, 231 ],
  [ 56, 59, 65, 72, 0, 0, 0, 0, 231 ],
  [ 56, 59, 65, 69, 0, 0, 0, 10, 231 ],
  [ 56, 59, 64, 67, 0, 0, 0, 10, 112 ],
  [ 56, 59, 65, 68, 0, 0, 10, 0, 231 ],
  [ 56, 59, 65, 68, 0, 0, 10, 0, 112 ],
  [ 56, 59, 65, 68, 0, 0, 10, 0, 231 ],
  [ 56, 59, 64, 67, 0, 0, 0, 10, 112 ],
  [ 56, 59, 64, 69, 0, 0, 0, 10, 231 ],
  [ 56, 59, 64, 69, 0, 0, 0, 10, 112 ],
  [ 56, 59, 64, 69, 0, 0, 0, 10, 112 ],
  [ 56, 59, 64, 67, 0, 0, 0, 10, 112 ],
  [ 56, 59, 65, 68, 0, 0, 10, 0, 112 ],
  [ 56, 59, 64, 67, 0, 0, 0, 10, 112 ],
  [ 56, 59, 64, 69, 0, 0, 0, 10, 112 ],
  [ 56, 59, 64, 67, 0, 0, 0, 10, 112 ],
  [ 56, 59, 65, 68, 0, 0, 10, 0, 231 ],
  [ 56, 59, 64, 68, 0, 0, 10, 0, 112 ],
  [ 56, 59, 65, 68, 0, 0, 10, 0, 581 ],
  [ 56, 59, 64, 67, 0, 0, 0, 10, 112 ],
  [ 56, 59, 64, 69, 0, 0, 0, 10, 112 ],
  [ 56, 59, 64, 69, 0, 0, 0, 10, 112 ],
  [ 56, 59, 64, 69, 0, 0, 0, 10, 112 ],
  [ 56, 59, 64, 69, 0, 0, 0, 10, 231 ],
  [ 56, 59, 64, 70, 0, 0, 0, 10, 112 ],
  [ 56, 59, 64, 72, 0, 0, 0, 10, 112 ],
  [ 56, 59, 64, 72, 0, 0, 0, 10, 112 ],
  [ 56, 59, 64, 72, 0, 0, 0, 10, 112 ],
  [ 56, 59, 64, 72, 0, 0, 0, 10, 231 ],
  [ 56, 59, 64, 72, 0, 0, 0, 10, 112 ],
  [ 56, 59, 64, 72, 0, 0, 0, 10, 112 ],
  [ 56, 59, 67, 72, 0, 0, 10, 0, 112 ],
  [ 56, 59, 67, 72, 0, 0, 10, 0, 112 ],
  [ 56, 59, 67, 72, 0, 0, 10, 0, 231 ],
  [ 56, 59, 69, 72, 0, 0, 10, 0, 112 ],
  [ 56, 59, 67, 72, 0, 0, 10, 0, 581 ],
  [ 56, 59, 67, 72, 0, 0, 0, 10, 112 ],
  [ 56, 59, 67, 74, 0, 0, 0, 10, 231 ],
  [ 56, 59, 70, 74, 0, 0, 10, 0, 112 ],
  [ 56, 59, 70, 74, 0, 0, 0, 10, 231 ],
  [ 56, 59, 70, 74, 0, 0, 10, 0, 112 ],
  [ 56, 59, 70, 74, 0, 0, 0, 10, 112 ],
  [ 56, 59, 70, 77, 0, 0, 0, 10, 350 ],
  [ 56, 59, 70, 76, 0, 0, 0, 10, 112 ],
  [ 56, 59, 70, 74, 0, 0, 0, 10, 112 ],
  [ 56, 59, 69, 72, 0, 0, 0, 10, 231 ],
  [ 56, 59, 69, 72, 0, 0, 10, 0, 112 ],
  [ 56, 59, 69, 72, 0, 0, 0, 10, 231 ],
  [ 56, 59, 69, 72, 0, 0, 10, 0, 112 ],
  [ 56, 59, 69, 72, 0, 0, 0, 10, 112 ],
  [ 56, 59, 69, 72, 0, 0, 0, 0, 231 ],
  [ 56, 59, 69, 72, 0, 0, 10, 0, 231 ],
  [ 56, 59, 67, 72, 0, 0, 10, 0, 112 ],
  [ 56, 59, 65, 72, 0, 0, 10, 0, 231 ],
  [ 56, 59, 65, 72, 0, 0, 10, 0, 112 ],
  [ 56, 59, 65, 72, 0, 0, 10, 0, 231 ],
  [ 56, 59, 67, 72, 0, 0, 10, 0, 112 ],
  [ 56, 59, 69, 72, 0, 0, 10, 0, 231 ],
  [ 56, 59, 69, 72, 0, 0, 10, 0, 112 ],
  [ 56, 59, 69, 72, 0, 0, 10, 0, 112 ],
  [ 56, 59, 67, 72, 0, 0, 10, 0, 112 ],
  [ 56, 59, 65, 72, 0, 0, 10, 0, 112 ],
  [ 56, 59, 67, 72, 0, 0, 10, 0, 112 ],
  [ 56, 59, 69, 72, 0, 0, 10, 0, 112 ],
  [ 56, 59, 67, 72, 0, 0, 10, 0, 112 ],
  [ 56, 59, 65, 72, 0, 0, 10, 0, 231 ],
  [ 56, 59, 64, 72, 0, 0, 10, 0, 112 ],
  [ 56, 59, 65, 72, 0, 0, 10, 0, 231 ],
  [ 56, 59, 65, 72, 0, 0, 0, 0, 231 ],
  [ 56, 59, 65, 69, 0, 0, 0, 10, 231 ],
  [ 56, 59, 64, 67, 0, 0, 0, 10, 112 ],
  [ 56, 59, 65, 68, 0, 0, 10, 0, 231 ],
  [ 56, 59, 65, 68, 0, 0, 10, 0, 112 ],
  [ 56, 59, 65, 68, 0, 0, 10, 0, 231 ],
  [ 56, 59, 64, 67, 0, 0, 0, 10, 112 ],
  [ 56, 59, 64, 69, 0, 0, 0, 10, 231 ],
  [ 56, 59, 64, 69, 0, 0, 0, 10, 112 ],
  [ 56, 59, 64, 69, 0, 0, 0, 10, 112 ],
  [ 56, 59, 64, 67, 0, 0, 0, 10, 112 ],
  [ 56, 59, 65, 68, 0, 0, 10, 0, 112 ],
  [ 56, 59, 64, 67, 0, 0, 0, 10, 112 ],
  [ 56, 59, 64, 69, 0, 0, 0, 10, 112 ],
  [ 56, 59, 64, 67, 0, 0, 0, 10, 112 ],
  [ 56, 59, 65, 68, 0, 0, 10, 0, 231 ],
  [ 56, 59, 64, 68, 0, 0, 10, 0, 112 ],
  [ 56, 59, 65, 68, 0, 0, 10, 0, 581 ],
  [ 56, 59, 64, 67, 0, 0, 0, 10, 112 ],
  [ 56, 59, 64, 69, 0, 0, 0, 10, 112 ],
  [ 56, 59, 64, 69, 0, 0, 0, 10, 112 ],
  [ 56, 59, 64, 69, 0, 0, 0, 10, 112 ],
  [ 56, 59, 64, 69, 0, 0, 0, 10, 231 ],
  [ 56, 59, 64, 70, 0, 0, 0, 10, 112 ],
  [ 56, 59, 64, 72, 0, 0, 0, 10, 112 ],
  [ 56, 59, 64, 72, 0, 0, 0, 10, 112 ],
  [ 56, 59, 64, 72, 0, 0, 0, 10, 112 ],
  [ 56, 59, 64, 72, 0, 0, 0, 10, 231 ],
  [ 56, 59, 64, 72, 0, 0, 0, 10, 112 ],
  [ 56, 59, 64, 72, 0, 0, 0, 10, 112 ],
  [ 56, 59, 67, 72, 0, 0, 10, 0, 112 ],
  [ 56, 59, 67, 72, 0, 0, 10, 0, 112 ],
  [ 56, 59, 67, 72, 0, 0, 10, 0, 231 ],
  [ 56, 59, 69, 72, 0, 0, 10, 0, 112 ],
  [ 56, 59, 67, 72, 0, 0, 10, 0, 581 ],
  [ 56, 59, 67, 72, 0, 0, 0, 10, 112 ],
  [ 56, 59, 67, 74, 0, 0, 0, 10, 231 ],
  [ 56, 59, 70, 74, 0, 0, 10, 0, 112 ],
  [ 56, 59, 70, 74, 0, 0, 0, 10, 231 ],
  [ 56, 59, 70, 74, 0, 0, 10, 0, 112 ],
  [ 56, 59, 70, 74, 0, 0, 0, 10, 112 ],
  [ 56, 59, 70, 77, 0, 0, 0, 10, 350 ],
  [ 56, 59, 70, 76, 0, 0, 0, 10, 112 ],
  [ 56, 59, 70, 74, 0, 0, 0, 10, 112 ],
  [ 56, 59, 69, 72, 0, 0, 0, 10, 231 ],
  [ 56, 59, 69, 72, 0, 0, 10, 0, 112 ],
  [ 56, 59, 69, 72, 0, 0, 0, 10, 231 ],
  [ 56, 59, 69, 72, 0, 0, 10, 0, 112 ],
  [ 56, 59, 69, 72, 0, 0, 0, 10, 112 ],
  [ 56, 59, 69, 72, 0, 0, 0, 0, 231 ],
  [ 56, 59, 69, 77, 0, 0, 0, 10, 350 ],
  [ 56, 59, 69, 74, 0, 0, 0, 10, 350 ],
  [ 56, 59, 69, 72, 0, 0, 0, 10, 350 ],
  [ 56, 59, 69, 72, 0, 0, 10, 0, 350 ],
  [ 56, 59, 69, 72, 0, 0, 0, 10, 112 ],
  [ 56, 59, 69, 74, 0, 0, 0, 10, 112 ],
  [ 56, 59, 69, 72, 0, 0, 0, 10, 112 ],
  [ 56, 59, 70, 73, 0, 0, 10, 0, 112 ],
  [ 56, 59, 69, 73, 0, 0, 10, 0, 112 ],
  [ 56, 59, 67, 73, 0, 0, 10, 0, 112 ],
  [ 56, 59, 65, 73, 0, 0, 10, 0, 112 ],
  [ 56, 59, 65, 73, 0, 0, 0, 0, 231 ] ]
