[ [ 52, 64, 77, 89, 0, 0, 0, 0, 0 ],
  [ 52, 63, 72, 89, 0, 0, 10, 0, 729 ],
  [ 52, 62, 69, 89, 0, 0, 10, 0, 729 ],
  [ 52, 60, 67, 89, 0, 0, 10, 0, 729 ],
  [ 52, 57, 64, 89, 0, 0, 10, 0, 729 ],
  [ 52, 57, 67, 89, 0, 0, 10, 0, 233 ],
  [ 52, 57, 69, 89, 0, 0, 10, 0, 233 ],
  [ 52, 57, 67, 89, 0, 0, 10, 0, 233 ],
  [ 52, 57, 65, 89, 0, 0, 10, 0, 233 ],
  [ 52, 56, 64, 89, 0, 0, 10, 0, 233 ],
  [ 51, 55, 62, 89, 0, 0, 10, 0, 233 ],
  [ 50, 53, 60, 89, 0, 0, 10, 0, 233 ],
  [ 50, 53, 60, 89, 0, 0, 0, 0, 481 ],
  [ 50, 53, 64, 89, 0, 0, 10, 0, 481 ],
  [ 50, 53, 62, 89, 0, 0, 10, 0, 233 ],
  [ 50, 53, 60, 89, 0, 0, 10, 0, 481 ],
  [ 50, 53, 60, 89, 0, 0, 10, 0, 233 ],
  [ 50, 53, 60, 89, 0, 0, 10, 0, 481 ],
  [ 50, 53, 62, 89, 0, 0, 10, 0, 233 ],
  [ 50, 53, 64, 89, 0, 0, 10, 0, 481 ],
  [ 50, 53, 64, 89, 0, 0, 10, 0, 233 ],
  [ 50, 53, 64, 89, 0, 0, 10, 0, 233 ],
  [ 50, 53, 62, 89, 0, 0, 10, 0, 233 ],
  [ 50, 53, 60, 89, 0, 0, 10, 0, 233 ],
  [ 50, 53, 62, 89, 0, 0, 10, 0, 233 ],
  [ 50, 53, 64, 89, 0, 0, 10, 0, 233 ],
  [ 50, 53, 62, 89, 0, 0, 10, 0, 233 ],
  [ 49, 52, 60, 89, 0, 0, 10, 0, 481 ],
  [ 49, 52, 59, 89, 0, 0, 10, 0, 233 ],
  [ 49, 52, 60, 89, 0, 0, 10, 0, 1210 ],
  [ 49, 52, 62, 89, 0, 0, 10, 0, 233 ],
  [ 49, 52, 64, 89, 0, 0, 10, 0, 233 ],
  [ 49, 52, 64, 89, 0, 0, 10, 0, 233 ],
  [ 49, 52, 64, 89, 0, 0, 10, 0, 233 ],
  [ 49, 52, 64, 89, 0, 0, 10, 0, 481 ],
  [ 49, 52, 65, 89, 0, 0, 10, 0, 233 ],
  [ 49, 52, 67, 89, 0, 0, 10, 0, 233 ],
  [ 49, 52, 67, 89, 0, 0, 10, 0, 233 ],
  [ 49, 52, 67, 89, 0, 0, 10, 0, 233 ],
  [ 49, 52, 67, 89, 0, 0, 10, 0, 481 ],
  [ 49, 52, 67, 89, 0, 0, 10, 0, 233 ],
  [ 49, 52, 67, 89, 0, 0, 10, 0, 233 ],
  [ 49, 52, 62, 89, 0, 0, 10, 0, 233 ],
  [ 49, 52, 62, 89, 0, 0, 10, 0, 233 ],
  [ 49, 52, 62, 89, 0, 0, 10, 0, 481 ],
  [ 49, 52, 64, 89, 0, 0, 10, 0, 233 ],
  [ 49, 52, 62, 89, 0, 0, 10, 0, 1210 ],
  [ 49, 52, 67, 89, 0, 0, 10, 0, 233 ],
  [ 49, 52, 69, 89, 0, 0, 10, 0, 481 ],
  [ 49, 52, 65, 89, 0, 0, 10, 0, 233 ],
  [ 49, 52, 69, 89, 0, 0, 10, 0, 481 ],
  [ 49, 52, 65, 89, 0, 0, 10, 0, 233 ],
  [ 49, 52, 69, 89, 0, 0, 10, 0, 233 ],
  [ 49, 52, 72, 89, 0, 0, 10, 0, 729 ],
  [ 49, 52, 71, 89, 0, 0, 10, 0, 233 ],
  [ 49, 52, 69, 89, 0, 0, 10, 0, 233 ],
  [ 49, 52, 67, 89, 0, 0, 10, 0, 481 ],
  [ 49, 52, 64, 89, 0, 0, 10, 0, 233 ],
  [ 49, 52, 67, 89, 0, 0, 10, 0, 481 ],
  [ 49, 52, 64, 89, 0, 0, 10, 0, 233 ],
  [ 49, 52, 67, 89, 0, 0, 10, 0, 233 ],
  [ 49, 52, 67, 89, 0, 0, 0, 0, 481 ],
  [ 49, 52, 64, 89, 0, 0, 10, 0, 481 ],
  [ 49, 52, 62, 89, 0, 0, 10, 0, 233 ],
  [ 49, 52, 60, 89, 0, 0, 10, 0, 481 ],
  [ 49, 52, 60, 89, 0, 0, 10, 0, 233 ],
  [ 49, 52, 60, 89, 0, 0, 10, 0, 481 ],
  [ 49, 52, 62, 89, 0, 0, 10, 0, 233 ],
  [ 49, 52, 64, 89, 0, 0, 10, 0, 481 ],
  [ 49, 52, 64, 89, 0, 0, 10, 0, 233 ],
  [ 49, 52, 64, 89, 0, 0, 10, 0, 233 ],
  [ 49, 52, 62, 89, 0, 0, 10, 0, 233 ],
  [ 49, 52, 60, 89, 0, 0, 10, 0, 233 ],
  [ 49, 52, 62, 89, 0, 0, 10, 0, 233 ],
  [ 49, 52, 64, 89, 0, 0, 10, 0, 233 ],
  [ 49, 52, 62, 89, 0, 0, 10, 0, 233 ],
  [ 49, 52, 60, 89, 0, 0, 10, 0, 481 ],
  [ 49, 52, 59, 89, 0, 0, 10, 0, 233 ],
  [ 49, 52, 60, 89, 0, 0, 10, 0, 481 ],
  [ 49, 52, 60, 89, 0, 0, 0, 0, 481 ],
  [ 49, 52, 64, 89, 0, 0, 10, 0, 481 ],
  [ 49, 52, 62, 89, 0, 0, 10, 0, 233 ],
  [ 49, 52, 60, 89, 0, 0, 10, 0, 481 ],
  [ 49, 52, 60, 89, 0, 0, 10, 0, 233 ],
  [ 49, 52, 60, 89, 0, 0, 10, 0, 481 ],
  [ 49, 52, 62, 89, 0, 0, 10, 0, 233 ],
  [ 49, 52, 64, 89, 0, 0, 10, 0, 481 ],
  [ 49, 52, 64, 89, 0, 0, 10, 0, 233 ],
  [ 49, 52, 64, 89, 0, 0, 10, 0, 233 ],
  [ 49, 52, 62, 89, 0, 0, 10, 0, 233 ],
  [ 49, 52, 60, 89, 0, 0, 10, 0, 233 ],
  [ 49, 52, 62, 89, 0, 0, 10, 0, 233 ],
  [ 49, 52, 64, 89, 0, 0, 10, 0, 233 ],
  [ 49, 52, 62, 89, 0, 0, 10, 0, 233 ],
  [ 49, 52, 60, 89, 0, 0, 10, 0, 481 ],
  [ 49, 52, 59, 89, 0, 0, 10, 0, 233 ],
  [ 49, 52, 60, 89, 0, 0, 10, 0, 1210 ],
  [ 49, 52, 62, 89, 0, 0, 10, 0, 233 ],
  [ 49, 52, 64, 89, 0, 0, 10, 0, 233 ],
  [ 49, 52, 64, 89, 0, 0, 10, 0, 233 ],
  [ 49, 52, 64, 89, 0, 0, 10, 0, 233 ],
  [ 49, 52, 64, 89, 0, 0, 10, 0, 481 ],
  [ 49, 52, 65, 89, 0, 0, 10, 0, 233 ],
  [ 49, 52, 67, 89, 0, 0, 10, 0, 233 ],
  [ 49, 52, 67, 89, 0, 0, 10, 0, 233 ],
  [ 49, 52, 67, 89, 0, 0, 10, 0, 233 ],
  [ 49, 52, 67, 89, 0, 0, 10, 0, 481 ],
  [ 49, 52, 67, 89, 0, 0, 10, 0, 233 ],
  [ 49, 52, 67, 89, 0, 0, 10, 0, 233 ],
  [ 49, 52, 62, 89, 0, 0, 10, 0, 233 ],
  [ 49, 52, 62, 89, 0, 0, 10, 0, 233 ],
  [ 49, 52, 62, 89, 0, 0, 10, 0, 481 ],
  [ 49, 52, 64, 89, 0, 0, 10, 0, 233 ],
  [ 49, 52, 62, 89, 0, 0, 10, 0, 1210 ],
  [ 49, 52, 67, 89, 0, 0, 10, 0, 233 ],
  [ 49, 52, 69, 89, 0, 0, 10, 0, 481 ],
  [ 49, 52, 65, 89, 0, 0, 10, 0, 233 ],
  [ 49, 52, 69, 89, 0, 0, 10, 0, 481 ],
  [ 49, 52, 65, 89, 0, 0, 10, 0, 233 ],
  [ 49, 52, 69, 89, 0, 0, 10, 0, 233 ],
  [ 49, 52, 72, 89, 0, 0, 10, 0, 729 ],
  [ 49, 52, 71, 89, 0, 0, 10, 0, 233 ],
  [ 49, 52, 69, 89, 0, 0, 10, 0, 233 ],
  [ 49, 52, 67, 89, 0, 0, 10, 0, 481 ],
  [ 49, 52, 64, 89, 0, 0, 10, 0, 233 ],
  [ 49, 52, 67, 89, 0, 0, 10, 0, 481 ],
  [ 49, 52, 64, 89, 0, 0, 10, 0, 233 ],
  [ 49, 52, 67, 89, 0, 0, 10, 0, 233 ],
  [ 49, 52, 67, 89, 0, 0, 0, 0, 481 ],
  [ 49, 52, 64, 89, 0, 0, 10, 0, 481 ],
  [ 49, 52, 62, 89, 0, 0, 10, 0, 233 ],
  [ 49, 52, 60, 89, 0, 0, 10, 0, 481 ],
  [ 49, 52, 60, 89, 0, 0, 10, 0, 233 ],
  [ 49, 52, 60, 89, 0, 0, 10, 0, 481 ],
  [ 49, 52, 62, 89, 0, 0, 10, 0, 233 ],
  [ 49, 52, 64, 89, 0, 0, 10, 0, 481 ],
  [ 49, 52, 64, 89, 0, 0, 10, 0, 233 ],
  [ 49, 52, 64, 89, 0, 0, 10, 0, 233 ],
  [ 49, 52, 62, 89, 0, 0, 10, 0, 233 ],
  [ 49, 52, 60, 89, 0, 0, 10, 0, 233 ],
  [ 49, 52, 62, 89, 0, 0, 10, 0, 233 ],
  [ 49, 52, 64, 89, 0, 0, 10, 0, 233 ],
  [ 49, 52, 62, 89, 0, 0, 10, 0, 233 ],
  [ 49, 52, 60, 89, 0, 0, 10, 0, 481 ],
  [ 49, 52, 59, 89, 0, 0, 10, 0, 233 ],
  [ 49, 52, 60, 89, 0, 0, 10, 0, 481 ],
  [ 49, 52, 60, 89, 0, 0, 0, 0, 481 ],
  [ 49, 52, 64, 89, 0, 0, 10, 0, 481 ],
  [ 49, 52, 62, 89, 0, 0, 10, 0, 233 ],
  [ 49, 52, 60, 89, 0, 0, 10, 0, 481 ],
  [ 49, 52, 60, 89, 0, 0, 10, 0, 233 ],
  [ 49, 52, 60, 89, 0, 0, 10, 0, 481 ],
  [ 49, 52, 62, 89, 0, 0, 10, 0, 233 ],
  [ 49, 52, 64, 89, 0, 0, 10, 0, 481 ],
  [ 49, 52, 64, 89, 0, 0, 10, 0, 233 ],
  [ 49, 52, 64, 89, 0, 0, 10, 0, 233 ],
  [ 49, 52, 62, 89, 0, 0, 10, 0, 233 ],
  [ 49, 52, 60, 89, 0, 0, 10, 0, 233 ],
  [ 49, 52, 62, 89, 0, 0, 10, 0, 233 ],
  [ 49, 52, 64, 89, 0, 0, 10, 0, 233 ],
  [ 49, 52, 62, 89, 0, 0, 10, 0, 233 ],
  [ 49, 52, 60, 89, 0, 0, 10, 0, 481 ],
  [ 49, 52, 59, 89, 0, 0, 10, 0, 233 ],
  [ 49, 52, 60, 89, 0, 0, 10, 0, 1210 ],
  [ 49, 52, 62, 89, 0, 0, 10, 0, 233 ],
  [ 49, 52, 64, 89, 0, 0, 10, 0, 233 ],
  [ 49, 52, 64, 89, 0, 0, 10, 0, 233 ],
  [ 49, 52, 64, 89, 0, 0, 10, 0, 233 ],
  [ 49, 52, 64, 89, 0, 0, 10, 0, 481 ],
  [ 49, 52, 65, 89, 0, 0, 10, 0, 233 ],
  [ 49, 52, 67, 89, 0, 0, 10, 0, 233 ],
  [ 49, 52, 67, 89, 0, 0, 10, 0, 233 ],
  [ 49, 52, 67, 89, 0, 0, 10, 0, 233 ],
  [ 49, 52, 67, 89, 0, 0, 10, 0, 481 ],
  [ 49, 52, 67, 89, 0, 0, 10, 0, 233 ],
  [ 49, 52, 67, 89, 0, 0, 10, 0, 233 ],
  [ 49, 52, 62, 89, 0, 0, 10, 0, 233 ],
  [ 49, 52, 62, 89, 0, 0, 10, 0, 233 ],
  [ 49, 52, 62, 89, 0, 0, 10, 0, 481 ],
  [ 49, 52, 64, 89, 0, 0, 10, 0, 233 ],
  [ 49, 52, 62, 89, 0, 0, 10, 0, 1210 ],
  [ 49, 52, 67, 89, 0, 0, 10, 0, 233 ],
  [ 49, 52, 69, 89, 0, 0, 10, 0, 481 ],
  [ 49, 52, 65, 89, 0, 0, 10, 0, 233 ],
  [ 49, 52, 69, 89, 0, 0, 10, 0, 481 ],
  [ 49, 52, 65, 89, 0, 0, 10, 0, 233 ],
  [ 49, 52, 69, 89, 0, 0, 10, 0, 233 ],
  [ 49, 52, 72, 89, 0, 0, 10, 0, 729 ],
  [ 49, 52, 71, 89, 0, 0, 10, 0, 233 ],
  [ 49, 52, 69, 89, 0, 0, 10, 0, 233 ],
  [ 49, 52, 67, 89, 0, 0, 10, 0, 481 ],
  [ 49, 52, 64, 89, 0, 0, 10, 0, 233 ],
  [ 49, 52, 67, 89, 0, 0, 10, 0, 481 ],
  [ 49, 52, 64, 89, 0, 0, 10, 0, 233 ],
  [ 49, 52, 67, 89, 0, 0, 10, 0, 233 ],
  [ 49, 52, 67, 89, 0, 0, 0, 0, 481 ],
  [ 49, 52, 72, 89, 0, 0, 10, 0, 729 ],
  [ 49, 52, 69, 89, 0, 0, 10, 0, 729 ],
  [ 49, 52, 67, 89, 0, 0, 10, 0, 729 ],
  [ 49, 52, 64, 89, 0, 0, 10, 0, 729 ],
  [ 49, 52, 67, 89, 0, 0, 10, 0, 233 ],
  [ 49, 52, 69, 89, 0, 0, 10, 0, 233 ],
  [ 49, 52, 67, 89, 0, 0, 10, 0, 233 ],
  [ 49, 52, 65, 89, 0, 0, 10, 0, 233 ],
  [ 49, 52, 64, 89, 0, 0, 10, 0, 233 ],
  [ 49, 52, 62, 89, 0, 0, 10, 0, 233 ],
  [ 49, 52, 60, 89, 0, 0, 10, 0, 233 ],
  [ 49, 52, 60, 89, 0, 0, 0, 0, 481 ],
  [ 49, 52, 72, 89, 0, 0, 10, 0, 242 ] ]
