[ [ 52, 64, 77, 89, 0, 0, 0, 0, 0 ],
  [ 52, 64, 75, 89, 0, 0, 10, 0, 460 ],
  [ 52, 64, 72, 89, 0, 0, 10, 0, 461 ],
  [ 52, 63, 70, 89, 0, 0, 10, 0, 460 ],
  [ 52, 60, 67, 89, 0, 0, 10, 0, 461 ],
  [ 52, 60, 70, 89, 0, 0, 10, 0, 153 ],
  [ 52, 60, 72, 89, 0, 0, 10, 0, 153 ],
  [ 52, 60, 70, 89, 0, 0, 10, 0, 154 ],
  [ 52, 60, 68, 89, 0, 0, 10, 0, 153 ],
  [ 52, 59, 67, 89, 0, 0, 10, 0, 153 ],
  [ 52, 58, 65, 89, 0, 0, 10, 0, 153 ],
  [ 52, 56, 63, 89, 0, 0, 10, 0, 153 ],
  [ 52, 56, 67, 89, 0, 0, 10, 0, 307 ],
  [ 52, 56, 65, 89, 0, 0, 10, 0, 153 ],
  [ 52, 56, 63, 89, 0, 0, 10, 0, 307 ],
  [ 52, 56, 63, 89, 0, 0, 10, 0, 154 ],
  [ 52, 56, 63, 89, 0, 0, 10, 0, 307 ],
  [ 52, 56, 65, 89, 0, 0, 10, 0, 153 ],
  [ 52, 56, 67, 89, 0, 0, 10, 0, 307 ],
  [ 52, 56, 67, 89, 0, 0, 10, 0, 153 ],
  [ 52, 56, 67, 89, 0, 0, 10, 0, 154 ],
  [ 52, 56, 65, 89, 0, 0, 10, 0, 153 ],
  [ 52, 56, 63, 89, 0, 0, 10, 0, 153 ],
  [ 52, 56, 65, 89, 0, 0, 10, 0, 153 ],
  [ 52, 56, 67, 89, 0, 0, 10, 0, 153 ],
  [ 52, 56, 65, 89, 0, 0, 10, 0, 153 ],
  [ 52, 56, 63, 89, 0, 0, 10, 0, 308 ],
  [ 52, 55, 62, 89, 0, 0, 10, 0, 153 ],
  [ 52, 55, 63, 89, 0, 0, 10, 0, 769 ],
  [ 52, 55, 65, 89, 0, 0, 10, 0, 153 ],
  [ 52, 55, 67, 89, 0, 0, 10, 0, 153 ],
  [ 52, 55, 67, 89, 0, 0, 10, 0, 307 ],
  [ 52, 55, 68, 89, 0, 0, 10, 0, 154 ],
  [ 52, 55, 70, 89, 0, 0, 10, 0, 153 ],
  [ 52, 55, 70, 89, 0, 0, 10, 0, 307 ],
  [ 52, 55, 70, 89, 0, 0, 10, 0, 154 ],
  [ 52, 55, 70, 89, 0, 0, 10, 0, 153 ],
  [ 52, 55, 65, 89, 0, 0, 10, 0, 153 ],
  [ 52, 55, 65, 89, 0, 0, 10, 0, 307 ],
  [ 52, 55, 67, 89, 0, 0, 10, 0, 154 ],
  [ 52, 55, 65, 89, 0, 0, 10, 0, 769 ],
  [ 51, 54, 62, 89, 0, 0, 10, 0, 153 ],
  [ 50, 53, 60, 89, 0, 0, 10, 0, 307 ],
  [ 50, 54, 70, 89, 0, 0, 10, 0, 153 ],
  [ 50, 58, 70, 89, 0, 10, 0, 0, 153 ],
  [ 50, 58, 72, 89, 0, 0, 10, 0, 307 ],
  [ 50, 58, 72, 89, 0, 0, 10, 0, 154 ],
  [ 50, 58, 68, 89, 0, 0, 10, 0, 153 ],
  [ 50, 58, 72, 89, 0, 0, 10, 0, 307 ],
  [ 50, 58, 72, 89, 0, 0, 10, 0, 154 ],
  [ 50, 58, 68, 89, 0, 0, 10, 0, 153 ],
  [ 50, 58, 72, 89, 0, 0, 10, 0, 154 ],
  [ 50, 58, 75, 89, 0, 0, 10, 0, 461 ],
  [ 50, 58, 74, 89, 0, 0, 10, 0, 153 ],
  [ 50, 58, 72, 89, 0, 0, 10, 0, 153 ],
  [ 50, 58, 70, 89, 0, 0, 10, 0, 307 ],
  [ 50, 58, 70, 89, 0, 0, 10, 0, 154 ],
  [ 50, 58, 67, 89, 0, 0, 10, 0, 153 ],
  [ 50, 58, 70, 89, 0, 0, 10, 0, 307 ],
  [ 50, 58, 70, 89, 0, 0, 10, 0, 154 ],
  [ 50, 58, 67, 89, 0, 0, 10, 0, 153 ],
  [ 50, 58, 70, 89, 0, 0, 10, 0, 153 ],
  [ 50, 58, 67, 89, 0, 0, 10, 0, 307 ],
  [ 50, 57, 65, 89, 0, 0, 10, 0, 153 ],
  [ 50, 56, 63, 89, 0, 0, 10, 0, 307 ],
  [ 50, 56, 63, 89, 0, 0, 10, 0, 154 ],
  [ 50, 56, 63, 89, 0, 0, 10, 0, 307 ],
  [ 50, 56, 65, 89, 0, 0, 10, 0, 153 ],
  [ 50, 56, 67, 89, 0, 0, 10, 0, 307 ],
  [ 50, 56, 67, 89, 0, 0, 10, 0, 154 ],
  [ 50, 56, 67, 89, 0, 0, 10, 0, 154 ],
  [ 50, 56, 65, 89, 0, 0, 10, 0, 153 ],
  [ 50, 56, 63, 89, 0, 0, 10, 0, 153 ],
  [ 50, 56, 65, 89, 0, 0, 10, 0, 153 ],
  [ 50, 56, 67, 89, 0, 0, 10, 0, 153 ],
  [ 50, 56, 65, 89, 0, 0, 10, 0, 153 ],
  [ 50, 56, 63, 89, 0, 0, 10, 0, 307 ],
  [ 50, 55, 62, 89, 0, 0, 10, 0, 153 ],
  [ 50, 55, 63, 89, 0, 0, 10, 0, 153 ],
  [ 50, 55, 67, 89, 0, 0, 10, 0, 308 ],
  [ 50, 55, 65, 89, 0, 0, 10, 0, 153 ],
  [ 50, 55, 63, 89, 0, 0, 10, 0, 307 ],
  [ 50, 55, 63, 89, 0, 0, 10, 0, 153 ],
  [ 50, 55, 63, 89, 0, 0, 10, 0, 307 ],
  [ 50, 55, 65, 89, 0, 0, 10, 0, 153 ],
  [ 50, 55, 67, 89, 0, 0, 10, 0, 307 ],
  [ 50, 55, 67, 89, 0, 0, 10, 0, 153 ],
  [ 50, 55, 67, 89, 0, 0, 10, 0, 153 ],
  [ 50, 55, 65, 89, 0, 0, 10, 0, 154 ],
  [ 50, 55, 63, 89, 0, 0, 10, 0, 154 ],
  [ 50, 55, 65, 89, 0, 0, 10, 0, 153 ],
  [ 50, 55, 67, 89, 0, 0, 10, 0, 153 ],
  [ 50, 55, 65, 89, 0, 0, 10, 0, 153 ],
  [ 50, 55, 63, 89, 0, 0, 10, 0, 307 ],
  [ 50, 55, 62, 89, 0, 0, 10, 0, 154 ],
  [ 50, 55, 63, 89, 0, 0, 10, 0, 769 ],
  [ 50, 55, 65, 89, 0, 0, 10, 0, 154 ],
  [ 50, 55, 67, 89, 0, 0, 10, 0, 154 ],
  [ 50, 55, 67, 89, 0, 0, 10, 0, 307 ],
  [ 50, 55, 68, 89, 0, 0, 10, 0, 153 ],
  [ 50, 55, 70, 89, 0, 0, 10, 0, 154 ],
  [ 50, 55, 70, 89, 0, 0, 10, 0, 307 ],
  [ 50, 55, 70, 89, 0, 0, 10, 0, 153 ],
  [ 50, 55, 70, 89, 0, 0, 10, 0, 154 ],
  [ 50, 55, 65, 89, 0, 0, 10, 0, 154 ],
  [ 50, 55, 65, 89, 0, 0, 10, 0, 307 ],
  [ 50, 55, 67, 89, 0, 0, 10, 0, 153 ],
  [ 50, 55, 65, 89, 0, 0, 10, 0, 768 ],
  [ 50, 55, 70, 89, 0, 0, 10, 0, 153 ],
  [ 50, 55, 72, 89, 0, 0, 10, 0, 307 ],
  [ 50, 55, 68, 89, 0, 0, 10, 0, 154 ],
  [ 50, 55, 72, 89, 0, 0, 10, 0, 308 ],
  [ 50, 55, 68, 89, 0, 0, 10, 0, 153 ],
  [ 50, 55, 72, 89, 0, 0, 10, 0, 153 ],
  [ 50, 55, 75, 89, 0, 0, 10, 0, 460 ],
  [ 50, 55, 74, 89, 0, 0, 10, 0, 153 ],
  [ 50, 55, 72, 89, 0, 0, 10, 0, 153 ],
  [ 50, 55, 70, 89, 0, 0, 10, 0, 307 ],
  [ 50, 55, 67, 89, 0, 0, 10, 0, 154 ],
  [ 50, 55, 70, 89, 0, 0, 10, 0, 307 ],
  [ 50, 55, 67, 89, 0, 0, 10, 0, 153 ],
  [ 50, 55, 70, 89, 0, 0, 10, 0, 153 ],
  [ 50, 55, 67, 89, 0, 0, 10, 0, 307 ],
  [ 50, 55, 65, 89, 0, 0, 10, 0, 153 ],
  [ 50, 55, 63, 89, 0, 0, 10, 0, 307 ],
  [ 50, 55, 63, 89, 0, 0, 10, 0, 308 ],
  [ 50, 55, 65, 89, 0, 0, 10, 0, 153 ],
  [ 50, 55, 67, 89, 0, 0, 10, 0, 307 ],
  [ 50, 55, 67, 89, 0, 0, 10, 0, 153 ],
  [ 50, 55, 65, 89, 0, 0, 10, 0, 154 ],
  [ 50, 55, 63, 89, 0, 0, 10, 0, 153 ],
  [ 50, 55, 65, 89, 0, 0, 10, 0, 153 ],
  [ 50, 55, 67, 89, 0, 0, 10, 0, 153 ],
  [ 50, 55, 65, 89, 0, 0, 10, 0, 153 ],
  [ 50, 55, 63, 89, 0, 0, 10, 0, 307 ],
  [ 50, 55, 62, 89, 0, 0, 10, 0, 154 ],
  [ 50, 55, 63, 89, 0, 0, 10, 0, 153 ],
  [ 50, 55, 67, 89, 0, 0, 10, 0, 307 ],
  [ 50, 55, 65, 89, 0, 0, 10, 0, 154 ],
  [ 50, 55, 63, 89, 0, 0, 10, 0, 307 ],
  [ 50, 55, 63, 89, 0, 0, 10, 0, 307 ],
  [ 50, 55, 65, 89, 0, 0, 10, 0, 154 ],
  [ 50, 55, 67, 89, 0, 0, 10, 0, 307 ],
  [ 50, 55, 67, 89, 0, 0, 10, 0, 153 ],
  [ 50, 55, 65, 89, 0, 0, 10, 0, 153 ],
  [ 50, 55, 63, 89, 0, 0, 10, 0, 153 ],
  [ 50, 55, 65, 89, 0, 0, 10, 0, 154 ],
  [ 50, 55, 67, 89, 0, 0, 10, 0, 153 ],
  [ 50, 55, 65, 89, 0, 0, 10, 0, 153 ],
  [ 50, 55, 63, 89, 0, 0, 10, 0, 307 ],
  [ 50, 55, 62, 89, 0, 0, 10, 0, 153 ],
  [ 50, 55, 63, 89, 0, 0, 10, 0, 769 ],
  [ 50, 55, 65, 89, 0, 0, 10, 0, 153 ],
  [ 50, 55, 67, 89, 0, 0, 10, 0, 153 ],
  [ 50, 55, 67, 89, 0, 0, 10, 0, 154 ],
  [ 50, 55, 67, 89, 0, 0, 10, 0, 153 ],
  [ 50, 55, 67, 89, 0, 0, 10, 0, 307 ],
  [ 50, 55, 68, 89, 0, 0, 10, 0, 153 ],
  [ 50, 55, 70, 89, 0, 0, 10, 0, 153 ],
  [ 50, 55, 70, 89, 0, 0, 10, 0, 154 ],
  [ 50, 55, 70, 89, 0, 0, 10, 0, 154 ],
  [ 50, 55, 70, 89, 0, 0, 10, 0, 307 ],
  [ 50, 55, 70, 89, 0, 0, 10, 0, 153 ],
  [ 50, 55, 70, 89, 0, 0, 10, 0, 153 ],
  [ 50, 55, 65, 89, 0, 0, 10, 0, 153 ],
  [ 50, 55, 65, 89, 0, 0, 10, 0, 154 ],
  [ 50, 55, 65, 89, 0, 0, 10, 0, 307 ],
  [ 50, 55, 67, 89, 0, 0, 10, 0, 153 ],
  [ 50, 55, 65, 89, 0, 0, 10, 0, 768 ],
  [ 50, 55, 70, 89, 0, 0, 10, 0, 153 ],
  [ 50, 55, 72, 89, 0, 0, 10, 0, 308 ],
  [ 50, 55, 68, 89, 0, 0, 10, 0, 153 ],
  [ 50, 55, 72, 89, 0, 0, 10, 0, 308 ],
  [ 50, 55, 68, 89, 0, 0, 10, 0, 153 ],
  [ 50, 55, 72, 89, 0, 0, 10, 0, 153 ],
  [ 50, 55, 75, 89, 0, 0, 10, 0, 461 ],
  [ 50, 55, 74, 89, 0, 0, 10, 0, 154 ],
  [ 50, 55, 72, 89, 0, 0, 10, 0, 153 ],
  [ 50, 55, 70, 89, 0, 0, 10, 0, 307 ],
  [ 50, 55, 67, 89, 0, 0, 10, 0, 153 ],
  [ 50, 55, 70, 89, 0, 0, 10, 0, 307 ],
  [ 50, 55, 67, 89, 0, 0, 10, 0, 153 ],
  [ 50, 55, 70, 89, 0, 0, 10, 0, 153 ],
  [ 50, 55, 68, 89, 0, 0, 10, 0, 153 ],
  [ 50, 55, 70, 89, 0, 0, 10, 0, 461 ],
  [ 50, 55, 68, 89, 0, 0, 10, 0, 461 ],
  [ 50, 55, 75, 89, 0, 0, 10, 0, 461 ],
  [ 50, 55, 72, 89, 0, 0, 10, 0, 461 ],
  [ 50, 55, 70, 89, 0, 0, 10, 0, 461 ],
  [ 50, 55, 67, 89, 0, 0, 10, 0, 461 ],
  [ 50, 55, 70, 89, 0, 0, 10, 0, 154 ],
  [ 50, 55, 72, 89, 0, 0, 10, 0, 153 ],
  [ 50, 55, 70, 89, 0, 0, 10, 0, 153 ],
  [ 50, 55, 68, 89, 0, 0, 10, 0, 153 ],
  [ 50, 55, 67, 89, 0, 0, 10, 0, 153 ],
  [ 50, 55, 65, 89, 0, 0, 10, 0, 153 ],
  [ 50, 55, 63, 89, 0, 0, 10, 0, 307 ],
  [ 50, 55, 75, 89, 0, 0, 10, 0, 461 ] ]
