[ [ 77-5, 0, 0, 0, 729 ],
  [ 74-5, 0, 0, 0, 729 ],
  [ 72-5, 0, 0, 0, 729 ],
  [ 69-5, 0, 0, 0, 729 ],
  [ 72-5, 0, 0, 0, 233 ],
  [ 74-5, 0, 0, 0, 233 ],
  [ 72-5, 0, 0, 0, 233 ],
  [ 70-5, 0, 0, 0, 233 ],
  [ 69-5, 0, 0, 0, 233 ],
  [ 67-5, 0, 0, 0, 233 ],
  [ 65-5, 0, 0, 0, 233 ],
  [ 0, 0, 0, 0, 481 ],
  [ 69-5, 0, 0, 0, 481 ],
  [ 67-5, 0, 0, 0, 233 ],
  [ 65-5, 0, 0, 0, 481 ],
  [ 65-5, 0, 0, 0, 233 ],
  [ 65-5, 0, 0, 0, 481 ],
  [ 67-5, 0, 0, 0, 233 ],
  [ 69-5, 0, 0, 0, 481 ],
  [ 69-5, 0, 0, 0, 233 ],
  [ 69-5, 0, 0, 0, 233 ],
  [ 67-5, 0, 0, 0, 233 ],
  [ 65-5, 0, 0, 0, 233 ],
  [ 67-5, 0, 0, 0, 233 ],
  [ 69-5, 0, 0, 0, 233 ],
  [ 67-5, 0, 0, 0, 233 ],
  [ 65-5, 0, 0, 0, 481 ],
  [ 64-5, 0, 0, 0, 233 ],
  [ 65-5, 0, 0, 0, 1210 ],
  [ 67-5, 0, 0, 0, 233 ],
  [ 69-5, 0, 0, 0, 233 ],
  [ 69-5, 0, 0, 0, 233 ],
  [ 69-5, 0, 0, 0, 233 ],
  [ 69-5, 0, 0, 0, 481 ],
  [ 70-5, 0, 0, 0, 233 ],
  [ 72-5, 0, 0, 0, 233 ],
  [ 72-5, 0, 0, 0, 233 ],
  [ 72-5, 0, 0, 0, 233 ],
  [ 72-5, 0, 0, 0, 481 ],
  [ 72-5, 0, 0, 0, 233 ],
  [ 72-5, 0, 0, 0, 233 ],
  [ 67-5, 0, 0, 0, 233 ],
  [ 67-5, 0, 0, 0, 233 ],
  [ 67-5, 0, 0, 0, 481 ],
  [ 69-5, 0, 0, 0, 233 ],
  [ 67-5, 0, 0, 0, 1210 ],
  [ 72-5, 0, 0, 0, 233 ],
  [ 74-5, 0, 0, 0, 481 ],
  [ 70-5, 0, 0, 0, 233 ],
  [ 74-5, 0, 0, 0, 481 ],
  [ 70-5, 0, 0, 0, 233 ],
  [ 74-5, 0, 0, 0, 233 ],
  [ 77-5, 0, 0, 0, 729 ],
  [ 76-5, 0, 0, 0, 233 ],
  [ 74-5, 0, 0, 0, 233 ],
  [ 72-5, 0, 0, 0, 481 ],
  [ 69-5, 0, 0, 0, 233 ],
  [ 72-5, 0, 0, 0, 481 ],
  [ 69-5, 0, 0, 0, 233 ],
  [ 72-5, 0, 0, 0, 233 ],
  [ 0, 0, 0, 0, 481 ],
  [ 69-5, 0, 0, 0, 481 ],
  [ 67-5, 0, 0, 0, 233 ],
  [ 65-5, 0, 0, 0, 481 ],
  [ 65-5, 0, 0, 0, 233 ],
  [ 65-5, 0, 0, 0, 481 ],
  [ 67-5, 0, 0, 0, 233 ],
  [ 69-5, 0, 0, 0, 481 ],
  [ 69-5, 0, 0, 0, 233 ],
  [ 69-5, 0, 0, 0, 233 ],
  [ 67-5, 0, 0, 0, 233 ],
  [ 65-5, 0, 0, 0, 233 ],
  [ 67-5, 0, 0, 0, 233 ],
  [ 69-5, 0, 0, 0, 233 ],
  [ 67-5, 0, 0, 0, 233 ],
  [ 65-5, 0, 0, 0, 481 ],
  [ 64-5, 0, 0, 0, 233 ],
  [ 65-5, 0, 0, 0, 481 ],
  [ 0, 0, 0, 0, 481 ],
  [ 69-5, 0, 0, 0, 481 ],
  [ 67-5, 0, 0, 0, 233 ],
  [ 65-5, 0, 0, 0, 481 ],
  [ 65-5, 0, 0, 0, 233 ],
  [ 65-5, 0, 0, 0, 481 ],
  [ 67-5, 0, 0, 0, 233 ],
  [ 69-5, 0, 0, 0, 481 ],
  [ 69-5, 0, 0, 0, 233 ],
  [ 69-5, 0, 0, 0, 233 ],
  [ 67-5, 0, 0, 0, 233 ],
  [ 65-5, 0, 0, 0, 233 ],
  [ 67-5, 0, 0, 0, 233 ],
  [ 69-5, 0, 0, 0, 233 ],
  [ 67-5, 0, 0, 0, 233 ],
  [ 65-5, 0, 0, 0, 481 ],
  [ 64-5, 0, 0, 0, 233 ],
  [ 65-5, 0, 0, 0, 1210 ],
  [ 67-5, 0, 0, 0, 233 ],
  [ 69-5, 0, 0, 0, 233 ],
  [ 69-5, 0, 0, 0, 233 ],
  [ 69-5, 0, 0, 0, 233 ],
  [ 69-5, 0, 0, 0, 481 ],
  [ 70-5, 0, 0, 0, 233 ],
  [ 72-5, 0, 0, 0, 233 ],
  [ 72-5, 0, 0, 0, 233 ],
  [ 72-5, 0, 0, 0, 233 ],
  [ 72-5, 0, 0, 0, 481 ],
  [ 72-5, 0, 0, 0, 233 ],
  [ 72-5, 0, 0, 0, 233 ],
  [ 67-5, 0, 0, 0, 233 ],
  [ 67-5, 0, 0, 0, 233 ],
  [ 67-5, 0, 0, 0, 481 ],
  [ 69-5, 0, 0, 0, 233 ],
  [ 67-5, 0, 0, 0, 1210 ],
  [ 72-5, 0, 0, 0, 233 ],
  [ 74-5, 0, 0, 0, 481 ],
  [ 70-5, 0, 0, 0, 233 ],
  [ 74-5, 0, 0, 0, 481 ],
  [ 70-5, 0, 0, 0, 233 ],
  [ 74-5, 0, 0, 0, 233 ],
  [ 77-5, 0, 0, 0, 729 ],
  [ 76-5, 0, 0, 0, 233 ],
  [ 74-5, 0, 0, 0, 233 ],
  [ 72-5, 0, 0, 0, 481 ],
  [ 69-5, 0, 0, 0, 233 ],
  [ 72-5, 0, 0, 0, 481 ],
  [ 69-5, 0, 0, 0, 233 ],
  [ 72-5, 0, 0, 0, 233 ],
  [ 0, 0, 0, 0, 481 ],
  [ 69-5, 0, 0, 0, 481 ],
  [ 67-5, 0, 0, 0, 233 ],
  [ 65-5, 0, 0, 0, 481 ],
  [ 65-5, 0, 0, 0, 233 ],
  [ 65-5, 0, 0, 0, 481 ],
  [ 67-5, 0, 0, 0, 233 ],
  [ 69-5, 0, 0, 0, 481 ],
  [ 69-5, 0, 0, 0, 233 ],
  [ 69-5, 0, 0, 0, 233 ],
  [ 67-5, 0, 0, 0, 233 ],
  [ 65-5, 0, 0, 0, 233 ],
  [ 67-5, 0, 0, 0, 233 ],
  [ 69-5, 0, 0, 0, 233 ],
  [ 67-5, 0, 0, 0, 233 ],
  [ 65-5, 0, 0, 0, 481 ],
  [ 64-5, 0, 0, 0, 233 ],
  [ 65-5, 0, 0, 0, 481 ],
  [ 0, 0, 0, 0, 481 ],
  [ 69-5, 0, 0, 0, 481 ],
  [ 67-5, 0, 0, 0, 233 ],
  [ 65-5, 0, 0, 0, 481 ],
  [ 65-5, 0, 0, 0, 233 ],
  [ 65-5, 0, 0, 0, 481 ],
  [ 67-5, 0, 0, 0, 233 ],
  [ 69-5, 0, 0, 0, 481 ],
  [ 69-5, 0, 0, 0, 233 ],
  [ 69-5, 0, 0, 0, 233 ],
  [ 67-5, 0, 0, 0, 233 ],
  [ 65-5, 0, 0, 0, 233 ],
  [ 67-5, 0, 0, 0, 233 ],
  [ 69-5, 0, 0, 0, 233 ],
  [ 67-5, 0, 0, 0, 233 ],
  [ 65-5, 0, 0, 0, 481 ],
  [ 64-5, 0, 0, 0, 233 ],
  [ 65-5, 0, 0, 0, 1210 ],
  [ 67-5, 0, 0, 0, 233 ],
  [ 69-5, 0, 0, 0, 233 ],
  [ 69-5, 0, 0, 0, 233 ],
  [ 69-5, 0, 0, 0, 233 ],
  [ 69-5, 0, 0, 0, 481 ],
  [ 70-5, 0, 0, 0, 233 ],
  [ 72-5, 0, 0, 0, 233 ],
  [ 72-5, 0, 0, 0, 233 ],
  [ 72-5, 0, 0, 0, 233 ],
  [ 72-5, 0, 0, 0, 481 ],
  [ 72-5, 0, 0, 0, 233 ],
  [ 72-5, 0, 0, 0, 233 ],
  [ 67-5, 0, 0, 0, 233 ],
  [ 67-5, 0, 0, 0, 233 ],
  [ 67-5, 0, 0, 0, 481 ],
  [ 69-5, 0, 0, 0, 233 ],
  [ 67-5, 0, 0, 0, 1210 ],
  [ 72-5, 0, 0, 0, 233 ],
  [ 74-5, 0, 0, 0, 481 ],
  [ 70-5, 0, 0, 0, 233 ],
  [ 74-5, 0, 0, 0, 481 ],
  [ 70-5, 0, 0, 0, 233 ],
  [ 74-5, 0, 0, 0, 233 ],
  [ 77-5, 0, 0, 0, 729 ],
  [ 76-5, 0, 0, 0, 233 ],
  [ 74-5, 0, 0, 0, 233 ],
  [ 72-5, 0, 0, 0, 481 ],
  [ 69-5, 0, 0, 0, 233 ],
  [ 72-5, 0, 0, 0, 481 ],
  [ 69-5, 0, 0, 0, 233 ],
  [ 72-5, 0, 0, 0, 233 ],
  [ 0, 0, 0, 0, 481 ],
  [ 77-5, 0, 0, 0, 729 ],
  [ 74-5, 0, 0, 0, 729 ],
  [ 72-5, 0, 0, 0, 729 ],
  [ 69-5, 0, 0, 0, 729 ],
  [ 72-5, 0, 0, 0, 233 ],
  [ 74-5, 0, 0, 0, 233 ],
  [ 72-5, 0, 0, 0, 233 ],
  [ 70-5, 0, 0, 0, 233 ],
  [ 69-5, 0, 0, 0, 233 ],
  [ 67-5, 0, 0, 0, 233 ],
  [ 65-5, 0, 0, 0, 233 ],
  [ 0, 0, 0, 0, 481 ],
  [ 77-5, 0, 0, 0, 242 ] ]
