[ [ 0, 76, 0, 0, 242 ],
  [ 0, 75, 0, 0, 242 ],
  [ 0, 76, 0, 0, 242 ],
  [ 0, 0, 0, 0, 233 ],
  [ 0, 0, 0, 0, 8 ],
  [ 0, 0, 0, 0, 233 ],
  [ 0, 0, 0, 0, 8 ],
  [ 0, 71, 0, 0, 200 ],
  [ 0, 74, 0, 0, 242 ],
  [ 0, 72, 0, 0, 242 ],
  [ 0, 0, 0, 0, 233 ],
  [ 0, 0, 0, 0, 8 ],
  [ 0, 52, 0, 0, 183 ],
  [ 0, 52, 0, 0, 8 ],
  [ 0, 0, 0, 0, 200 ],
  [ 0, 0, 0, 0, 8 ],
  [ 0, 0, 0, 0, 233 ],
  [ 0, 0, 0, 0, 8 ],
  [ 0, 64, 0, 0, 242 ],
  [ 0, 69, 0, 0, 233 ],
  [ 0, 0, 0, 0, 200 ],
  [ 0, 0, 0, 0, 8 ],
  [ 0, 71, 52, 0, 225 ],
  [ 0, 0, 0, 0, 8 ],
  [ 0, 56, 0, 0, 233 ],
  [ 0, 64, 0, 0, 233 ],
  [ 0, 0, 0, 0, 233 ],
  [ 0, 0, 0, 0, 8 ],
  [ 0, 0, 0, 0, 233 ],
  [ 0, 0, 0, 0, 8 ],
  [ 0, 72, 0, 0, 233 ],
  [ 0, 52, 57, 0, 8 ],
  [ 0, 64, 0, 0, 242 ],
  [ 0, 76, 0, 0, 242 ],
  [ 0, 0, 0, 0, 233 ],
  [ 0, 0, 0, 0, 8 ],
  [ 0, 0, 0, 0, 233 ],
  [ 0, 0, 0, 0, 8 ],
  [ 0, 75, 0, 0, 242 ],
  [ 0, 0, 0, 0, 233 ],
  [ 0, 0, 0, 0, 8 ],
  [ 0, 71, 0, 0, 242 ],
  [ 0, 74, 0, 0, 242 ],
  [ 0, 72, 0, 0, 242 ],
  [ 0, 0, 0, 0, 192 ],
  [ 0, 0, 0, 0, 8 ],
  [ 0, 69, 52, 0, 175 ],
  [ 0, 0, 0, 0, 8 ],
  [ 0, 57, 0, 0, 242 ],
  [ 0, 60, 0, 0, 242 ],
  [ 0, 0, 0, 0, 233 ],
  [ 0, 0, 0, 0, 8 ],
  [ 0, 69, 0, 0, 242 ],
  [ 0, 0, 0, 0, 175 ],
  [ 0, 0, 0, 0, 8 ],
  [ 0, 52, 0, 0, 100 ],
  [ 0, 71, 56, 0, 233 ],
  [ 0, 0, 0, 0, 8 ],
  [ 0, 72, 0, 0, 242 ],
  [ 0, 62, 0, 0, 233 ],
  [ 0, 62, 0, 0, 8 ],
  [ 0, 0, 0, 0, 233 ],
  [ 0, 69, 52, 60, 175 ],
  [ 0, 57, 0, 0, 242 ],
  [ 0, 76, 0, 0, 242 ],
  [ 0, 0, 0, 0, 233 ],
  [ 0, 0, 0, 0, 8 ],
  [ 0, 76, 0, 0, 242 ],
  [ 0, 0, 0, 0, 233 ],
  [ 0, 0, 0, 0, 8 ],
  [ 0, 76, 0, 0, 233 ],
  [ 0, 71, 0, 0, 233 ],
  [ 0, 74, 0, 0, 242 ],
  [ 0, 0, 0, 0, 233 ],
  [ 0, 0, 0, 0, 8 ],
  [ 0, 0, 0, 0, 192 ],
  [ 0, 0, 0, 0, 8 ],
  [ 0, 69, 0, 0, 100 ],
  [ 0, 52, 0, 0, 8 ],
  [ 0, 57, 0, 0, 233 ],
  [ 0, 0, 0, 0, 233 ],
  [ 0, 0, 0, 0, 8 ],
  [ 0, 64, 0, 0, 242 ],
  [ 0, 0, 0, 0, 233 ],
  [ 0, 0, 0, 0, 8 ],
  [ 0, 0, 0, 0, 158 ],
  [ 0, 0, 0, 0, 8 ],
  [ 0, 52, 0, 0, 83 ],
  [ 0, 71, 0, 0, 8 ],
  [ 0, 56, 0, 0, 242 ],
  [ 0, 0, 0, 0, 233 ],
  [ 0, 0, 0, 0, 8 ],
  [ 0, 0, 0, 0, 233 ],
  [ 0, 0, 0, 0, 8 ],
  [ 0, 71, 0, 0, 242 ],
  [ 0, 0, 0, 0, 150 ],
  [ 0, 52, 72, 0, 133 ],
  [ 0, 57, 0, 0, 233 ],
  [ 0, 0, 0, 0, 233 ],
  [ 0, 0, 0, 0, 8 ],
  [ 0, 76, 0, 0, 242 ],
  [ 0, 0, 0, 0, 233 ],
  [ 0, 0, 0, 0, 8 ],
  [ 0, 76, 0, 0, 242 ],
  [ 0, 75, 0, 0, 242 ],
  [ 0, 76, 0, 0, 242 ],
  [ 0, 0, 0, 0, 233 ],
  [ 0, 0, 0, 0, 8 ],
  [ 0, 74, 0, 0, 242 ],
  [ 0, 0, 0, 0, 233 ],
  [ 0, 0, 0, 0, 8 ],
  [ 0, 0, 0, 0, 158 ],
  [ 0, 0, 0, 0, 8 ],
  [ 0, 69, 52, 0, 75 ],
  [ 0, 0, 0, 0, 8 ],
  [ 0, 57, 0, 0, 242 ],
  [ 0, 60, 0, 0, 242 ],
  [ 0, 64, 0, 0, 233 ],
  [ 0, 69, 0, 0, 242 ],
  [ 0, 0, 0, 0, 192 ],
  [ 0, 0, 0, 0, 8 ],
  [ 0, 0, 0, 0, 133 ],
  [ 0, 52, 0, 0, 8 ],
  [ 0, 0, 0, 0, 233 ],
  [ 0, 0, 0, 0, 8 ],
  [ 0, 72, 0, 0, 242 ],
  [ 0, 71, 62, 0, 242 ],
  [ 0, 0, 0, 0, 8 ],
  [ 0, 0, 0, 0, 183 ],
  [ 0, 69, 60, 0, 158 ],
  [ 0, 52, 0, 0, 8 ],
  [ 0, 0, 0, 0, 233 ],
  [ 0, 0, 0, 0, 8 ],
  [ 0, 0, 0, 0, 233 ],
  [ 0, 0, 0, 0, 8 ],
  [ 0, 72, 0, 0, 242 ],
  [ 0, 0, 0, 0, 233 ],
  [ 0, 0, 0, 0, 8 ],
  [ 0, 0, 0, 0, 183 ],
  [ 0, 0, 0, 0, 8 ],
  [ 0, 0, 0, 0, 133 ],
  [ 0, 0, 0, 0, 8 ],
  [ 0, 60, 76, 0, 233 ],
  [ 0, 67, 0, 0, 233 ],
  [ 0, 77, 0, 0, 233 ],
  [ 0, 76, 0, 0, 242 ],
  [ 0, 0, 0, 0, 183 ],
  [ 0, 55, 0, 0, 150 ],
  [ 0, 59, 74, 0, 242 ],
  [ 0, 0, 0, 0, 233 ],
  [ 0, 0, 0, 0, 8 ],
  [ 0, 0, 0, 0, 233 ],
  [ 0, 0, 0, 0, 8 ],
  [ 0, 0, 0, 0, 233 ],
  [ 0, 0, 0, 0, 8 ],
  [ 0, 0, 0, 0, 233 ],
  [ 0, 0, 0, 0, 8 ],
  [ 0, 52, 0, 0, 217 ],
  [ 0, 57, 72, 0, 242 ],
  [ 0, 64, 0, 0, 242 ],
  [ 0, 0, 0, 0, 233 ],
  [ 0, 0, 0, 0, 8 ],
  [ 0, 0, 0, 0, 50 ],
  [ 0, 0, 0, 0, 8 ],
  [ 0, 71, 0, 0, 8 ],
  [ 0, 0, 0, 0, 233 ],
  [ 0, 0, 0, 0, 8 ],
  [ 0, 64, 0, 0, 242 ],
  [ 0, 64, 0, 0, 242 ],
  [ 0, 76, 0, 0, 242 ],
  [ 0, 64, 0, 0, 242 ],
  [ 0, 0, 0, 0, 233 ],
  [ 0, 0, 0, 0, 8 ],
  [ 0, 76, 0, 0, 242 ],
  [ 0, 88, 0, 0, 108 ],
  [ 0, 0, 0, 0, 25 ],
  [ 0, 0, 0, 0, 8 ],
  [ 0, 76, 0, 0, 233 ],
  [ 0, 75, 0, 0, 242 ],
  [ 0, 0, 0, 0, 233 ],
  [ 0, 0, 0, 0, 8 ],
  [ 0, 0, 0, 0, 233 ],
  [ 0, 0, 0, 0, 8 ],
  [ 0, 76, 0, 0, 233 ],
  [ 0, 75, 0, 0, 242 ],
  [ 0, 76, 0, 0, 242 ],
  [ 0, 75, 0, 0, 242 ],
  [ 0, 76, 0, 0, 233 ],
  [ 0, 0, 0, 0, 233 ],
  [ 0, 0, 0, 0, 8 ],
  [ 0, 0, 0, 0, 233 ],
  [ 0, 0, 0, 0, 8 ],
  [ 0, 71, 0, 0, 242 ],
  [ 0, 0, 0, 0, 233 ],
  [ 0, 0, 0, 0, 8 ],
  [ 0, 72, 0, 0, 242 ],
  [ 0, 0, 0, 0, 167 ],
  [ 0, 0, 0, 0, 8 ],
  [ 0, 52, 69, 0, 108 ],
  [ 0, 57, 0, 0, 233 ],
  [ 0, 60, 0, 0, 242 ],
  [ 0, 64, 0, 0, 242 ],
  [ 0, 69, 0, 0, 242 ],
  [ 0, 0, 0, 0, 217 ],
  [ 0, 52, 0, 0, 158 ],
  [ 0, 71, 0, 0, 8 ],
  [ 0, 56, 0, 0, 242 ],
  [ 0, 64, 0, 0, 242 ],
  [ 0, 68, 0, 0, 242 ],
  [ 0, 0, 0, 0, 233 ],
  [ 0, 0, 0, 0, 8 ],
  [ 0, 0, 0, 0, 200 ],
  [ 0, 0, 0, 0, 133 ],
  [ 0, 72, 52, 0, 8 ],
  [ 0, 57, 0, 0, 233 ],
  [ 0, 0, 0, 0, 233 ],
  [ 0, 0, 0, 0, 8 ],
  [ 0, 76, 0, 0, 242 ],
  [ 0, 75, 0, 0, 242 ],
  [ 0, 0, 0, 0, 233 ],
  [ 0, 0, 0, 0, 8 ],
  [ 0, 0, 0, 0, 233 ],
  [ 0, 0, 0, 0, 8 ],
  [ 0, 0, 0, 0, 233 ],
  [ 0, 0, 0, 0, 8 ],
  [ 0, 71, 0, 0, 242 ],
  [ 0, 0, 0, 0, 233 ],
  [ 0, 0, 0, 0, 8 ],
  [ 0, 72, 0, 0, 242 ],
  [ 0, 0, 0, 0, 167 ],
  [ 0, 0, 0, 0, 8 ],
  [ 0, 52, 69, 0, 133 ],
  [ 0, 57, 0, 0, 233 ],
  [ 0, 60, 0, 0, 233 ],
  [ 0, 0, 0, 0, 233 ],
  [ 0, 0, 0, 0, 8 ],
  [ 0, 0, 0, 0, 233 ],
  [ 0, 0, 0, 0, 8 ],
  [ 0, 0, 0, 0, 233 ],
  [ 0, 52, 71, 0, 192 ],
  [ 0, 56, 0, 0, 8 ],
  [ 0, 72, 0, 0, 242 ],
  [ 0, 0, 0, 0, 233 ],
  [ 0, 71, 62, 0, 8 ],
  [ 0, 0, 0, 0, 183 ],
  [ 0, 60, 52, 0, 142 ],
  [ 0, 69, 0, 0, 8 ],
  [ 0, 57, 0, 0, 233 ],
  [ 0, 71, 0, 0, 242 ],
  [ 0, 72, 0, 0, 242 ],
  [ 0, 74, 0, 0, 242 ],
  [ 0, 48, 0, 0, 200 ],
  [ 0, 55, 0, 0, 175 ],
  [ 0, 76, 60, 0, 233 ],
  [ 0, 67, 0, 0, 242 ],
  [ 0, 0, 0, 0, 233 ],
  [ 0, 0, 0, 0, 8 ],
  [ 0, 76, 0, 0, 242 ],
  [ 0, 0, 0, 0, 225 ],
  [ 0, 0, 0, 0, 8 ],
  [ 0, 55, 0, 0, 125 ],
  [ 0, 59, 0, 0, 233 ],
  [ 0, 59, 0, 0, 8 ],
  [ 0, 0, 0, 0, 233 ],
  [ 0, 0, 0, 0, 8 ],
  [ 0, 76, 0, 0, 242 ],
  [ 0, 74, 0, 0, 242 ],
  [ 0, 0, 0, 0, 225 ],
  [ 0, 0, 0, 0, 8 ],
  [ 0, 0, 0, 0, 175 ],
  [ 0, 0, 0, 0, 8 ],
  [ 0, 57, 0, 0, 233 ],
  [ 0, 72, 0, 0, 8 ],
  [ 0, 64, 0, 0, 242 ],
  [ 0, 74, 0, 0, 233 ],
  [ 0, 72, 0, 0, 17 ],
  [ 0, 0, 0, 0, 242 ],
  [ 0, 0, 0, 0, 100 ],
  [ 0, 0, 0, 0, 8 ],
  [ 0, 0, 0, 0, 117 ],
  [ 0, 0, 0, 0, 8 ],
  [ 0, 64, 0, 0, 242 ],
  [ 0, 0, 0, 0, 108 ],
  [ 0, 0, 0, 0, 8 ],
  [ 0, 0, 0, 0, 233 ],
  [ 0, 0, 0, 0, 8 ],
  [ 0, 64, 0, 0, 242 ],
  [ 0, 76, 0, 0, 242 ],
  [ 0, 0, 0, 0, 108 ],
  [ 0, 0, 0, 0, 8 ],
  [ 0, 88, 0, 0, 25 ],
  [ 0, 0, 0, 0, 108 ],
  [ 0, 0, 0, 0, 8 ],
  [ 0, 76, 0, 0, 233 ],
  [ 0, 75, 0, 0, 117 ],
  [ 0, 76, 0, 0, 233 ],
  [ 0, 75, 0, 0, 242 ],
  [ 0, 76, 0, 0, 233 ],
  [ 0, 75, 0, 0, 117 ],
  [ 0, 0, 0, 0, 233 ],
  [ 0, 0, 0, 0, 8 ],
  [ 0, 0, 0, 0, 108 ],
  [ 0, 0, 0, 0, 8 ],
  [ 0, 76, 0, 0, 242 ],
  [ 0, 75, 0, 0, 242 ],
  [ 0, 0, 0, 0, 233 ],
  [ 0, 0, 0, 0, 8 ],
  [ 0, 71, 0, 0, 233 ],
  [ 0, 74, 0, 0, 242 ],
  [ 0, 0, 0, 0, 108 ],
  [ 0, 0, 0, 0, 8 ],
  [ 0, 0, 0, 0, 167 ],
  [ 0, 0, 0, 0, 108 ],
  [ 0, 0, 0, 0, 8 ],
  [ 0, 0, 0, 0, 108 ],
  [ 0, 0, 0, 0, 8 ],
  [ 0, 57, 0, 0, 233 ],
  [ 0, 0, 0, 0, 233 ],
  [ 0, 0, 0, 0, 8 ],
  [ 0, 64, 0, 0, 242 ],
  [ 0, 69, 0, 0, 233 ],
  [ 0, 0, 0, 0, 167 ],
  [ 0, 71, 0, 0, 150 ],
  [ 0, 52, 0, 0, 8 ],
  [ 0, 56, 0, 0, 233 ],
  [ 0, 64, 0, 0, 233 ],
  [ 0, 0, 0, 0, 233 ],
  [ 0, 71, 0, 0, 8 ],
  [ 0, 0, 0, 0, 8 ],
  [ 0, 0, 0, 0, 242 ],
  [ 0, 72, 0, 0, 217 ],
  [ 0, 52, 0, 0, 8 ],
  [ 0, 0, 0, 0, 233 ],
  [ 0, 0, 0, 0, 8 ],
  [ 0, 0, 0, 0, 108 ],
  [ 0, 0, 0, 0, 8 ],
  [ 0, 76, 0, 0, 242 ],
  [ 0, 75, 0, 0, 242 ],
  [ 0, 76, 0, 0, 242 ],
  [ 0, 75, 0, 0, 242 ],
  [ 0, 0, 0, 0, 233 ],
  [ 0, 0, 0, 0, 8 ],
  [ 0, 0, 0, 0, 233 ],
  [ 0, 0, 0, 0, 8 ],
  [ 0, 0, 0, 0, 233 ],
  [ 0, 0, 0, 0, 8 ],
  [ 0, 72, 0, 0, 233 ],
  [ 0, 0, 0, 0, 208 ],
  [ 0, 69, 0, 0, 50 ],
  [ 0, 52, 0, 0, 125 ],
  [ 0, 57, 0, 0, 242 ],
  [ 0, 0, 0, 0, 233 ],
  [ 0, 0, 0, 0, 8 ],
  [ 0, 64, 0, 0, 242 ],
  [ 0, 69, 0, 0, 233 ],
  [ 0, 0, 0, 0, 142 ],
  [ 0, 52, 0, 0, 92 ],
  [ 0, 71, 0, 0, 8 ],
  [ 0, 0, 0, 0, 233 ],
  [ 0, 0, 0, 0, 8 ],
  [ 0, 62, 0, 0, 242 ],
  [ 0, 0, 0, 0, 233 ],
  [ 0, 0, 0, 0, 8 ],
  [ 0, 0, 0, 0, 108 ],
  [ 0, 0, 0, 0, 8 ],
  [ 0, 0, 0, 0, 233 ],
  [ 0, 60, 0, 0, 92 ],
  [ 0, 69, 0, 0, 8 ],
  [ 0, 52, 0, 0, 117 ],
  [ 0, 57, 0, 0, 242 ],
  [ 0, 72, 64, 0, 117 ],
  [ 0, 58, 60, 0, 117 ],
  [ 0, 72, 65, 0, 108 ],
  [ 0, 60, 57, 0, 8 ],
  [ 0, 67, 0, 0, 108 ],
  [ 0, 64, 72, 0, 8 ],
  [ 0, 58, 55, 60, 117 ],
  [ 0, 53, 0, 0, 233 ],
  [ 0, 57, 0, 0, 242 ],
  [ 0, 60, 0, 0, 242 ],
  [ 0, 0, 0, 0, 108 ],
  [ 0, 0, 0, 0, 8 ],
  [ 0, 57, 0, 0, 125 ],
  [ 0, 60, 0, 0, 242 ],
  [ 0, 0, 0, 0, 108 ],
  [ 0, 0, 0, 0, 8 ],
  [ 0, 57, 76, 0, 117 ],
  [ 0, 0, 0, 0, 183 ],
  [ 0, 0, 0, 0, 8 ],
  [ 0, 58, 0, 0, 192 ],
  [ 0, 58, 0, 0, 8 ],
  [ 0, 0, 0, 0, 233 ],
  [ 0, 0, 0, 0, 8 ],
  [ 0, 74, 58, 0, 108 ],
  [ 0, 0, 0, 0, 233 ],
  [ 0, 0, 0, 0, 8 ],
  [ 0, 82, 0, 0, 108 ],
  [ 0, 0, 0, 0, 108 ],
  [ 0, 81, 58, 0, 8 ],
  [ 0, 53, 0, 0, 200 ],
  [ 0, 81, 0, 0, 8 ],
  [ 0, 62, 79, 0, 225 ],
  [ 0, 53, 77, 55, 233 ],
  [ 0, 76, 0, 0, 233 ],
  [ 0, 62, 0, 0, 8 ],
  [ 0, 58, 0, 0, 233 ],
  [ 0, 53, 55, 58, 8 ],
  [ 0, 62, 72, 0, 242 ],
  [ 0, 0, 0, 0, 225 ],
  [ 0, 0, 0, 0, 8 ],
  [ 0, 70, 57, 0, 225 ],
  [ 0, 0, 0, 0, 8 ],
  [ 0, 0, 0, 0, 233 ],
  [ 0, 0, 0, 0, 8 ],
  [ 0, 0, 0, 0, 108 ],
  [ 0, 0, 0, 0, 8 ],
  [ 0, 70, 0, 0, 108 ],
  [ 0, 57, 0, 0, 8 ],
  [ 0, 69, 0, 0, 117 ],
  [ 0, 0, 0, 0, 108 ],
  [ 0, 60, 67, 0, 8 ],
  [ 0, 69, 0, 0, 108 ],
  [ 0, 0, 0, 0, 17 ],
  [ 0, 70, 57, 0, 8 ],
  [ 0, 53, 0, 0, 233 ],
  [ 0, 0, 0, 0, 167 ],
  [ 0, 0, 0, 0, 8 ],
  [ 0, 60, 0, 0, 242 ],
  [ 0, 0, 0, 0, 233 ],
  [ 0, 72, 57, 0, 8 ],
  [ 0, 74, 60, 0, 233 ],
  [ 0, 0, 0, 0, 8 ],
  [ 0, 0, 0, 0, 233 ],
  [ 0, 57, 0, 0, 8 ],
  [ 0, 52, 0, 0, 242 ],
  [ 0, 57, 0, 0, 183 ],
  [ 0, 76, 0, 0, 125 ],
  [ 0, 60, 0, 0, 117 ],
  [ 0, 57, 0, 0, 233 ],
  [ 0, 57, 0, 0, 8 ],
  [ 0, 77, 62, 50, 233 ],
  [ 0, 69, 0, 0, 8 ],
  [ 0, 53, 55, 0, 125 ],
  [ 0, 0, 0, 0, 8 ],
  [ 0, 0, 0, 0, 108 ],
  [ 0, 0, 0, 0, 8 ],
  [ 0, 0, 0, 0, 117 ],
  [ 0, 0, 0, 0, 8 ],
  [ 0, 74, 0, 0, 117 ],
  [ 0, 0, 0, 0, 108 ],
  [ 0, 55, 72, 0, 8 ],
  [ 0, 0, 0, 0, 108 ],
  [ 0, 0, 0, 0, 8 ],
  [ 0, 64, 72, 0, 108 ],
  [ 0, 0, 0, 0, 75 ],
  [ 0, 0, 0, 0, 8 ],
  [ 0, 74, 0, 0, 108 ],
  [ 0, 71, 0, 0, 17 ],
  [ 0, 65, 0, 0, 8 ],
  [ 0, 72, 0, 0, 117 ],
  [ 0, 64, 60, 0, 108 ],
  [ 0, 64, 60, 0, 8 ],
  [ 0, 67, 0, 0, 117 ],
  [ 0, 0, 0, 0, 108 ],
  [ 0, 0, 0, 0, 8 ],
  [ 0, 0, 0, 0, 108 ],
  [ 0, 0, 0, 0, 8 ],
  [ 0, 79, 0, 0, 108 ],
  [ 0, 0, 0, 0, 108 ],
  [ 0, 0, 0, 0, 8 ],
  [ 0, 79, 0, 0, 108 ],
  [ 0, 65, 67, 0, 8 ],
  [ 0, 0, 0, 0, 108 ],
  [ 0, 0, 0, 0, 8 ],
  [ 0, 64, 67, 0, 108 ],
  [ 0, 67, 79, 0, 8 ],
  [ 0, 74, 0, 0, 50 ],
  [ 0, 67, 62, 65, 108 ],
  [ 0, 76, 0, 0, 108 ],
  [ 0, 79, 67, 0, 108 ],
  [ 0, 67, 64, 60, 8 ],
  [ 0, 0, 0, 0, 108 ],
  [ 0, 0, 0, 0, 8 ],
  [ 0, 83, 0, 0, 117 ],
  [ 0, 0, 0, 0, 33 ],
  [ 0, 0, 0, 0, 8 ],
  [ 0, 79, 0, 0, 108 ],
  [ 0, 0, 0, 0, 8 ],
  [ 0, 0, 0, 0, 8 ],
  [ 0, 76, 57, 0, 108 ],
  [ 0, 53, 74, 0, 8 ],
  [ 0, 0, 0, 0, 8 ],
  [ 0, 79, 59, 55, 117 ],
  [ 0, 0, 0, 0, 108 ],
  [ 0, 0, 0, 0, 8 ],
  [ 0, 0, 0, 0, 67 ],
  [ 0, 0, 0, 0, 8 ],
  [ 0, 72, 0, 0, 117 ],
  [ 0, 0, 0, 0, 50 ],
  [ 0, 60, 79, 0, 8 ],
  [ 0, 0, 0, 0, 108 ],
  [ 0, 0, 0, 0, 8 ],
  [ 0, 79, 0, 0, 117 ],
  [ 0, 69, 0, 0, 33 ],
  [ 0, 0, 0, 0, 108 ],
  [ 0, 0, 0, 0, 8 ],
  [ 0, 0, 0, 0, 42 ],
  [ 0, 0, 0, 0, 8 ],
  [ 0, 67, 79, 65, 117 ],
  [ 0, 72, 0, 0, 42 ],
  [ 0, 67, 64, 79, 117 ],
  [ 0, 74, 0, 0, 50 ],
  [ 0, 65, 62, 67, 108 ],
  [ 0, 67, 79, 65, 8 ],
  [ 0, 0, 0, 0, 75 ],
  [ 0, 0, 0, 0, 8 ],
  [ 0, 67, 79, 64, 108 ],
  [ 0, 64, 60, 67, 8 ],
  [ 0, 84, 0, 0, 83 ],
  [ 0, 83, 0, 0, 117 ],
  [ 0, 0, 0, 0, 108 ],
  [ 0, 0, 0, 0, 8 ],
  [ 0, 0, 0, 0, 67 ],
  [ 0, 57, 53, 0, 8 ],
  [ 0, 77, 0, 0, 108 ],
  [ 0, 76, 0, 0, 100 ],
  [ 0, 74, 0, 0, 17 ],
  [ 0, 59, 0, 0, 108 ],
  [ 0, 55, 59, 79, 8 ],
  [ 0, 77, 0, 0, 117 ],
  [ 0, 74, 0, 0, 75 ],
  [ 0, 0, 0, 0, 75 ],
  [ 0, 0, 0, 0, 8 ],
  [ 0, 0, 0, 0, 108 ],
  [ 0, 0, 0, 0, 8 ],
  [ 0, 76, 0, 0, 117 ],
  [ 0, 59, 75, 0, 117 ],
  [ 0, 56, 59, 0, 8 ],
  [ 0, 76, 0, 0, 117 ],
  [ 0, 71, 0, 0, 117 ],
  [ 0, 0, 0, 0, 108 ],
  [ 0, 0, 0, 0, 8 ],
  [ 0, 0, 0, 0, 108 ],
  [ 0, 0, 0, 0, 8 ],
  [ 0, 76, 0, 0, 117 ],
  [ 0, 0, 0, 0, 108 ],
  [ 0, 0, 0, 0, 8 ],
  [ 0, 76, 0, 0, 83 ],
  [ 0, 0, 0, 0, 108 ],
  [ 0, 0, 0, 0, 8 ],
  [ 0, 76, 0, 0, 742 ],
  [ 0, 0, 0, 0, 233 ],
  [ 0, 0, 0, 0, 8 ],
  [ 0, 0, 0, 0, 233 ],
  [ 0, 0, 0, 0, 8 ],
  [ 0, 0, 0, 0, 233 ],
  [ 0, 0, 0, 0, 8 ],
  [ 0, 76, 0, 0, 392 ],
  [ 0, 71, 0, 0, 242 ],
  [ 0, 76, 0, 0, 242 ],
  [ 0, 75, 0, 0, 233 ],
  [ 0, 0, 0, 0, 208 ],
  [ 0, 0, 0, 0, 8 ],
  [ 0, 75, 0, 0, 200 ],
  [ 0, 76, 0, 0, 242 ],
  [ 0, 75, 0, 0, 242 ],
  [ 0, 76, 0, 0, 233 ],
  [ 0, 75, 0, 0, 242 ],
  [ 0, 76, 0, 0, 242 ],
  [ 0, 75, 0, 0, 233 ],
  [ 0, 76, 0, 0, 242 ],
  [ 0, 71, 0, 0, 242 ],
  [ 0, 0, 0, 0, 233 ],
  [ 0, 0, 0, 0, 8 ],
  [ 0, 0, 0, 0, 233 ],
  [ 0, 0, 0, 0, 8 ],
  [ 0, 0, 0, 0, 183 ],
  [ 0, 52, 69, 0, 167 ],
  [ 0, 57, 0, 0, 233 ],
  [ 0, 0, 0, 0, 233 ],
  [ 0, 0, 0, 0, 8 ],
  [ 0, 64, 0, 0, 242 ],
  [ 0, 0, 0, 0, 233 ],
  [ 0, 0, 0, 0, 8 ],
  [ 0, 0, 0, 0, 225 ],
  [ 0, 0, 0, 0, 192 ],
  [ 0, 71, 52, 0, 8 ],
  [ 0, 56, 0, 0, 233 ],
  [ 0, 64, 0, 0, 242 ],
  [ 0, 0, 0, 0, 233 ],
  [ 0, 71, 0, 0, 8 ],
  [ 0, 0, 0, 0, 8 ],
  [ 0, 0, 0, 0, 242 ],
  [ 0, 72, 0, 0, 225 ],
  [ 0, 52, 0, 0, 8 ],
  [ 0, 57, 0, 0, 242 ],
  [ 0, 0, 0, 0, 233 ],
  [ 0, 0, 0, 0, 8 ],
  [ 0, 76, 0, 0, 242 ],
  [ 0, 0, 0, 0, 233 ],
  [ 0, 0, 0, 0, 8 ],
  [ 0, 76, 0, 0, 242 ],
  [ 0, 75, 0, 0, 242 ],
  [ 0, 76, 0, 0, 242 ],
  [ 0, 71, 0, 0, 242 ],
  [ 0, 0, 0, 0, 233 ],
  [ 0, 0, 0, 0, 8 ],
  [ 0, 72, 0, 0, 242 ],
  [ 0, 0, 0, 0, 200 ],
  [ 0, 0, 0, 0, 8 ],
  [ 0, 52, 0, 0, 142 ],
  [ 0, 52, 57, 0, 8 ],
  [ 0, 60, 0, 0, 233 ],
  [ 0, 64, 0, 0, 233 ],
  [ 0, 69, 0, 0, 233 ],
  [ 0, 0, 0, 0, 200 ],
  [ 0, 0, 0, 0, 8 ],
  [ 0, 52, 71, 0, 158 ],
  [ 0, 56, 0, 0, 242 ],
  [ 0, 0, 0, 0, 233 ],
  [ 0, 0, 0, 0, 8 ],
  [ 0, 72, 71, 0, 242 ],
  [ 0, 0, 0, 0, 8 ],
  [ 0, 0, 0, 0, 233 ],
  [ 0, 0, 0, 0, 8 ],
  [ 0, 52, 0, 0, 192 ],
  [ 0, 69, 60, 0, 8 ],
  [ 0, 57, 0, 0, 233 ],
  [ 0, 71, 0, 0, 242 ],
  [ 0, 72, 0, 0, 242 ],
  [ 0, 0, 0, 0, 233 ],
  [ 0, 0, 0, 0, 8 ],
  [ 0, 0, 0, 0, 217 ],
  [ 0, 0, 0, 0, 8 ],
  [ 0, 0, 0, 0, 158 ],
  [ 0, 0, 0, 0, 8 ],
  [ 0, 60, 0, 0, 233 ],
  [ 0, 60, 0, 0, 8 ],
  [ 0, 67, 0, 0, 242 ],
  [ 0, 77, 0, 0, 242 ],
  [ 0, 76, 0, 0, 242 ],
  [ 0, 0, 0, 0, 225 ],
  [ 0, 55, 0, 0, 183 ],
  [ 0, 59, 0, 0, 242 ],
  [ 0, 74, 0, 0, 8 ],
  [ 0, 65, 0, 0, 242 ],
  [ 0, 76, 0, 0, 242 ],
  [ 0, 74, 0, 0, 242 ],
  [ 0, 0, 0, 0, 233 ],
  [ 0, 0, 0, 0, 8 ],
  [ 0, 0, 0, 0, 192 ],
  [ 0, 0, 0, 0, 8 ],
  [ 0, 72, 0, 0, 233 ],
  [ 0, 57, 0, 0, 8 ],
  [ 0, 64, 0, 0, 242 ],
  [ 0, 0, 0, 0, 233 ],
  [ 0, 0, 0, 0, 8 ],
  [ 0, 72, 0, 0, 233 ],
  [ 0, 71, 0, 0, 233 ],
  [ 0, 0, 0, 0, 8 ],
  [ 0, 52, 0, 0, 225 ],
  [ 0, 64, 0, 0, 233 ],
  [ 0, 0, 0, 0, 233 ],
  [ 0, 0, 0, 0, 8 ],
  [ 0, 76, 0, 0, 242 ],
  [ 0, 64, 0, 0, 242 ],
  [ 0, 76, 0, 0, 242 ],
  [ 0, 76, 0, 0, 242 ],
  [ 0, 88, 0, 0, 233 ],
  [ 0, 75, 0, 0, 75 ],
  [ 0, 76, 0, 0, 25 ],
  [ 0, 0, 0, 0, 233 ],
  [ 0, 0, 0, 0, 8 ],
  [ 0, 76, 0, 0, 242 ],
  [ 0, 75, 0, 0, 233 ],
  [ 0, 76, 0, 0, 233 ],
  [ 0, 0, 0, 0, 233 ],
  [ 0, 0, 0, 0, 8 ],
  [ 0, 0, 0, 0, 233 ],
  [ 0, 0, 0, 0, 8 ],
  [ 0, 75, 0, 0, 233 ],
  [ 0, 76, 0, 0, 242 ],
  [ 0, 75, 0, 0, 242 ],
  [ 0, 0, 0, 0, 233 ],
  [ 0, 0, 0, 0, 8 ],
  [ 0, 71, 0, 0, 242 ],
  [ 0, 74, 0, 0, 242 ],
  [ 0, 0, 0, 0, 233 ],
  [ 0, 0, 0, 0, 8 ],
  [ 0, 0, 0, 0, 208 ],
  [ 0, 0, 0, 0, 150 ],
  [ 0, 0, 0, 0, 8 ],
  [ 0, 0, 0, 0, 233 ],
  [ 0, 57, 0, 0, 8 ],
  [ 0, 60, 0, 0, 242 ],
  [ 0, 64, 0, 0, 233 ],
  [ 0, 69, 0, 0, 233 ],
  [ 0, 0, 0, 0, 208 ],
  [ 0, 0, 0, 0, 175 ],
  [ 0, 71, 52, 56, 8 ],
  [ 0, 64, 0, 0, 242 ],
  [ 0, 68, 0, 0, 242 ],
  [ 0, 0, 0, 0, 233 ],
  [ 0, 0, 0, 0, 8 ],
  [ 0, 0, 0, 0, 200 ],
  [ 0, 52, 72, 0, 142 ],
  [ 0, 57, 0, 0, 242 ],
  [ 0, 0, 0, 0, 233 ],
  [ 0, 0, 0, 0, 8 ],
  [ 0, 76, 0, 0, 242 ],
  [ 0, 0, 0, 0, 233 ],
  [ 0, 0, 0, 0, 8 ],
  [ 0, 0, 0, 0, 233 ],
  [ 0, 0, 0, 0, 8 ],
  [ 0, 75, 0, 0, 242 ],
  [ 0, 76, 0, 0, 242 ],
  [ 0, 71, 0, 0, 242 ],
  [ 0, 74, 0, 0, 242 ],
  [ 0, 72, 0, 0, 242 ],
  [ 0, 0, 0, 0, 108 ],
  [ 0, 0, 0, 0, 58 ],
  [ 0, 0, 0, 0, 8 ],
  [ 0, 57, 0, 0, 233 ],
  [ 0, 57, 0, 0, 8 ],
  [ 0, 60, 0, 0, 242 ],
  [ 0, 0, 0, 0, 233 ],
  [ 0, 0, 0, 0, 8 ],
  [ 0, 69, 0, 0, 242 ],
  [ 0, 0, 0, 0, 117 ],
  [ 0, 52, 71, 0, 83 ],
  [ 0, 0, 0, 0, 233 ],
  [ 0, 0, 0, 0, 8 ],
  [ 0, 72, 0, 0, 233 ],
  [ 0, 71, 0, 0, 242 ],
  [ 0, 62, 0, 0, 8 ],
  [ 0, 0, 0, 0, 192 ],
  [ 0, 69, 0, 0, 142 ],
  [ 0, 60, 0, 0, 8 ],
  [ 0, 0, 0, 0, 233 ],
  [ 0, 0, 0, 0, 233 ],
  [ 0, 0, 0, 0, 8 ],
  [ 0, 0, 0, 0, 242 ],
  [ 0, 0, 0, 0, 167 ],
  [ 0, 0, 0, 0, 8 ],
  [ 0, 0, 0, 0, 167 ],
  [ 0, 0, 0, 0, 8 ],
  [ 0, 0, 0, 0, 233 ],
  [ 0, 0, 0, 0, 8 ],
  [ 0, 0, 0, 0, 242 ],
  [ 0, 70, 0, 0, 242 ],
  [ 0, 73, 67, 64, 8 ],
  [ 0, 0, 0, 0, 242 ],
  [ 0, 0, 0, 0, 208 ],
  [ 0, 0, 0, 0, 208 ],
  [ 0, 0, 0, 0, 8 ],
  [ 0, 65, 0, 0, 233 ],
  [ 0, 65, 69, 74, 8 ],
  [ 0, 0, 0, 0, 233 ],
  [ 0, 76, 73, 0, 233 ],
  [ 0, 0, 0, 0, 8 ],
  [ 0, 77, 74, 0, 233 ],
  [ 0, 0, 0, 0, 8 ],
  [ 0, 0, 0, 0, 233 ],
  [ 0, 0, 0, 0, 200 ],
  [ 0, 0, 0, 0, 8 ],
  [ 0, 74, 0, 0, 233 ],
  [ 0, 74, 68, 77, 8 ],
  [ 0, 0, 0, 0, 242 ],
  [ 0, 0, 0, 0, 233 ],
  [ 0, 74, 77, 68, 8 ],
  [ 0, 0, 0, 0, 233 ],
  [ 0, 0, 0, 0, 17 ],
  [ 0, 0, 0, 0, 242 ],
  [ 0, 0, 0, 0, 233 ],
  [ 0, 0, 0, 0, 8 ],
  [ 0, 0, 0, 0, 233 ],
  [ 0, 0, 0, 0, 8 ],
  [ 0, 72, 0, 0, 233 ],
  [ 0, 76, 69, 0, 8 ],
  [ 0, 0, 0, 0, 8 ],
  [ 0, 0, 0, 0, 233 ],
  [ 0, 0, 0, 0, 233 ],
  [ 0, 0, 0, 0, 8 ],
  [ 0, 65, 74, 0, 233 ],
  [ 0, 0, 0, 0, 8 ],
  [ 0, 0, 0, 0, 233 ],
  [ 0, 0, 0, 0, 8 ],
  [ 0, 0, 0, 0, 233 ],
  [ 0, 72, 64, 0, 8 ],
  [ 0, 62, 71, 0, 233 ],
  [ 0, 71, 0, 0, 8 ],
  [ 0, 0, 0, 0, 233 ],
  [ 0, 0, 0, 0, 8 ],
  [ 0, 0, 0, 0, 192 ],
  [ 0, 0, 0, 0, 8 ],
  [ 0, 0, 0, 0, 233 ],
  [ 0, 66, 0, 0, 8 ],
  [ 0, 60, 69, 0, 233 ],
  [ 0, 69, 0, 0, 233 ],
  [ 0, 60, 0, 0, 8 ],
  [ 0, 0, 0, 0, 233 ],
  [ 0, 60, 0, 0, 233 ],
  [ 0, 69, 0, 0, 8 ],
  [ 0, 0, 0, 0, 233 ],
  [ 0, 64, 0, 0, 233 ],
  [ 0, 72, 0, 0, 8 ],
  [ 0, 0, 0, 0, 233 ],
  [ 0, 62, 0, 0, 233 ],
  [ 0, 71, 0, 0, 8 ],
  [ 0, 0, 0, 0, 25 ],
  [ 0, 0, 0, 0, 233 ],
  [ 0, 0, 0, 0, 242 ],
  [ 0, 0, 0, 0, 8 ],
  [ 0, 0, 0, 0, 233 ],
  [ 0, 0, 0, 0, 8 ],
  [ 0, 60, 0, 0, 233 ],
  [ 0, 69, 0, 0, 8 ],
  [ 0, 0, 0, 0, 233 ],
  [ 0, 0, 0, 0, 8 ],
  [ 0, 0, 0, 0, 233 ],
  [ 0, 0, 0, 0, 217 ],
  [ 0, 0, 0, 0, 167 ],
  [ 0, 0, 0, 0, 242 ],
  [ 0, 0, 0, 0, 233 ],
  [ 0, 0, 0, 0, 8 ],
  [ 0, 67, 64, 70, 242 ],
  [ 0, 73, 67, 64, 8 ],
  [ 0, 0, 0, 0, 233 ],
  [ 0, 0, 0, 0, 225 ],
  [ 0, 0, 0, 0, 8 ],
  [ 0, 0, 0, 0, 192 ],
  [ 0, 0, 0, 0, 8 ],
  [ 0, 65, 74, 0, 233 ],
  [ 0, 74, 69, 0, 8 ],
  [ 0, 0, 0, 0, 233 ],
  [ 0, 73, 0, 0, 233 ],
  [ 0, 76, 0, 0, 8 ],
  [ 0, 0, 0, 0, 233 ],
  [ 0, 77, 74, 0, 8 ],
  [ 0, 0, 0, 0, 192 ],
  [ 0, 0, 0, 0, 8 ],
  [ 0, 0, 0, 0, 158 ],
  [ 0, 0, 0, 0, 8 ],
  [ 0, 0, 0, 0, 242 ],
  [ 0, 77, 74, 0, 8 ],
  [ 0, 0, 0, 0, 242 ],
  [ 0, 0, 0, 0, 233 ],
  [ 0, 77, 74, 0, 8 ],
  [ 0, 0, 0, 0, 242 ],
  [ 0, 0, 0, 0, 175 ],
  [ 0, 0, 0, 0, 8 ],
  [ 0, 0, 0, 0, 133 ],
  [ 0, 0, 0, 0, 8 ],
  [ 0, 0, 0, 0, 233 ],
  [ 0, 0, 0, 0, 233 ],
  [ 0, 0, 0, 0, 8 ],
  [ 0, 0, 0, 0, 233 ],
  [ 0, 74, 77, 0, 8 ],
  [ 0, 0, 0, 0, 233 ],
  [ 0, 0, 0, 0, 175 ],
  [ 0, 0, 0, 0, 8 ],
  [ 0, 67, 0, 0, 233 ],
  [ 0, 75, 0, 0, 8 ],
  [ 0, 0, 0, 0, 242 ],
  [ 0, 65, 0, 0, 233 ],
  [ 0, 74, 0, 0, 8 ],
  [ 0, 72, 63, 0, 233 ],
  [ 0, 0, 0, 0, 233 ],
  [ 0, 0, 0, 0, 8 ],
  [ 0, 0, 0, 0, 200 ],
  [ 0, 0, 0, 0, 233 ],
  [ 0, 0, 0, 0, 242 ],
  [ 0, 65, 70, 62, 8 ],
  [ 0, 69, 0, 0, 233 ],
  [ 0, 0, 0, 0, 8 ],
  [ 0, 65, 0, 0, 233 ],
  [ 0, 62, 0, 0, 8 ],
  [ 0, 0, 0, 0, 200 ],
  [ 0, 0, 0, 0, 117 ],
  [ 0, 0, 0, 0, 8 ],
  [ 0, 68, 0, 0, 233 ],
  [ 0, 65, 68, 62, 8 ],
  [ 0, 0, 0, 0, 233 ],
  [ 0, 62, 0, 0, 233 ],
  [ 0, 65, 68, 0, 8 ],
  [ 0, 0, 0, 0, 233 ],
  [ 0, 0, 0, 0, 242 ],
  [ 0, 0, 0, 0, 8 ],
  [ 0, 69, 64, 0, 242 ],
  [ 0, 60, 0, 0, 8 ],
  [ 0, 64, 56, 52, 125 ],
  [ 0, 56, 0, 0, 8 ],
  [ 0, 57, 0, 0, 133 ],
  [ 0, 0, 0, 0, 150 ],
  [ 0, 0, 0, 0, 8 ],
  [ 0, 0, 0, 0, 150 ],
  [ 0, 69, 0, 0, 8 ],
  [ 0, 0, 0, 0, 8 ],
  [ 0, 0, 0, 0, 150 ],
  [ 0, 0, 0, 0, 8 ],
  [ 0, 76, 0, 0, 158 ],
  [ 0, 0, 0, 0, 150 ],
  [ 0, 0, 0, 0, 8 ],
  [ 0, 0, 0, 0, 75 ],
  [ 0, 64, 0, 0, 8 ],
  [ 0, 72, 0, 0, 75 ],
  [ 0, 0, 0, 0, 150 ],
  [ 0, 60, 0, 0, 8 ],
  [ 0, 69, 0, 0, 158 ],
  [ 0, 64, 0, 0, 67 ],
  [ 0, 57, 64, 0, 8 ],
  [ 0, 72, 0, 0, 83 ],
  [ 0, 76, 0, 0, 158 ],
  [ 0, 0, 0, 0, 150 ],
  [ 0, 0, 0, 0, 8 ],
  [ 0, 84, 0, 0, 158 ],
  [ 0, 88, 0, 0, 158 ],
  [ 0, 86, 0, 0, 150 ],
  [ 0, 57, 60, 0, 67 ],
  [ 0, 64, 0, 0, 8 ],
  [ 0, 84, 0, 0, 75 ],
  [ 0, 83, 0, 0, 158 ],
  [ 0, 81, 0, 0, 158 ],
  [ 0, 57, 64, 0, 67 ],
  [ 0, 0, 0, 0, 8 ],
  [ 0, 0, 0, 0, 75 ],
  [ 0, 0, 0, 0, 8 ],
  [ 0, 88, 0, 0, 158 ],
  [ 0, 0, 0, 0, 150 ],
  [ 0, 0, 0, 0, 8 ],
  [ 0, 0, 0, 0, 158 ],
  [ 0, 0, 0, 0, 150 ],
  [ 0, 0, 0, 0, 8 ],
  [ 0, 0, 0, 0, 150 ],
  [ 0, 0, 0, 0, 8 ],
  [ 0, 64, 0, 0, 67 ],
  [ 0, 60, 57, 0, 8 ],
  [ 0, 0, 0, 0, 50 ],
  [ 0, 95, 0, 0, 158 ],
  [ 0, 94, 0, 0, 92 ],
  [ 0, 60, 64, 57, 67 ],
  [ 0, 0, 0, 0, 8 ],
  [ 0, 0, 0, 0, 42 ],
  [ 0, 0, 0, 0, 8 ],
  [ 0, 92, 0, 0, 158 ],
  [ 0, 0, 0, 0, 150 ],
  [ 0, 0, 0, 0, 8 ],
  [ 0, 90, 0, 0, 158 ],
  [ 0, 89, 0, 0, 158 ],
  [ 0, 0, 0, 0, 150 ],
  [ 0, 0, 0, 0, 8 ],
  [ 0, 0, 0, 0, 150 ],
  [ 0, 0, 0, 0, 8 ],
  [ 0, 86, 0, 0, 158 ],
  [ 0, 85, 0, 0, 158 ],
  [ 0, 0, 0, 0, 150 ],
  [ 0, 0, 0, 0, 8 ],
  [ 0, 83, 0, 0, 158 ],
  [ 0, 82, 0, 0, 158 ],
  [ 0, 0, 0, 0, 150 ],
  [ 0, 0, 0, 0, 8 ],
  [ 0, 80, 0, 0, 158 ],
  [ 0, 0, 0, 0, 150 ],
  [ 0, 0, 0, 0, 8 ],
  [ 0, 78, 0, 0, 158 ],
  [ 0, 0, 0, 0, 150 ],
  [ 0, 0, 0, 0, 8 ],
  [ 0, 76, 0, 0, 242 ],
  [ 0, 0, 0, 0, 233 ],
  [ 0, 0, 0, 0, 8 ],
  [ 0, 76, 0, 0, 242 ],
  [ 0, 0, 0, 0, 233 ],
  [ 0, 0, 0, 0, 8 ],
  [ 0, 74, 0, 0, 242 ],
  [ 0, 72, 0, 0, 242 ],
  [ 0, 0, 0, 0, 233 ],
  [ 0, 52, 69, 0, 142 ],
  [ 0, 0, 0, 0, 233 ],
  [ 0, 0, 0, 0, 8 ],
  [ 0, 60, 0, 0, 242 ],
  [ 0, 64, 0, 0, 242 ],
  [ 0, 69, 0, 0, 233 ],
  [ 0, 0, 0, 0, 142 ],
  [ 0, 0, 0, 0, 8 ],
  [ 0, 71, 52, 0, 50 ],
  [ 0, 0, 0, 0, 8 ],
  [ 0, 0, 0, 0, 233 ],
  [ 0, 0, 0, 0, 8 ],
  [ 0, 64, 0, 0, 242 ],
  [ 0, 68, 0, 0, 242 ],
  [ 0, 71, 0, 0, 233 ],
  [ 0, 0, 0, 0, 150 ],
  [ 0, 52, 0, 0, 100 ],
  [ 0, 72, 0, 0, 8 ],
  [ 0, 57, 0, 0, 242 ],
  [ 0, 64, 0, 0, 233 ],
  [ 0, 76, 0, 0, 242 ],
  [ 0, 75, 0, 0, 242 ],
  [ 0, 76, 0, 0, 233 ],
  [ 0, 75, 0, 0, 242 ],
  [ 0, 0, 0, 0, 233 ],
  [ 0, 0, 0, 0, 8 ],
  [ 0, 71, 0, 0, 233 ],
  [ 0, 74, 0, 0, 233 ],
  [ 0, 72, 0, 0, 233 ],
  [ 0, 0, 0, 0, 233 ],
  [ 0, 0, 0, 0, 17 ],
  [ 0, 69, 52, 57, 8 ],
  [ 0, 60, 0, 0, 242 ],
  [ 0, 64, 0, 0, 233 ],
  [ 0, 69, 0, 0, 233 ],
  [ 0, 0, 0, 0, 208 ],
  [ 0, 0, 0, 0, 8 ],
  [ 0, 52, 71, 0, 75 ],
  [ 0, 56, 0, 0, 233 ],
  [ 0, 0, 0, 0, 233 ],
  [ 0, 0, 0, 0, 8 ],
  [ 0, 72, 0, 0, 242 ],
  [ 0, 71, 0, 0, 242 ],
  [ 0, 0, 0, 0, 183 ],
  [ 0, 0, 0, 0, 8 ],
  [ 0, 0, 0, 0, 133 ],
  [ 0, 52, 60, 69, 8 ],
  [ 0, 71, 0, 0, 242 ],
  [ 0, 0, 0, 0, 233 ],
  [ 0, 0, 0, 0, 8 ],
  [ 0, 74, 0, 0, 242 ],
  [ 0, 48, 0, 0, 217 ],
  [ 0, 55, 0, 0, 117 ],
  [ 0, 76, 0, 0, 233 ],
  [ 0, 60, 0, 0, 8 ],
  [ 0, 67, 0, 0, 242 ],
  [ 0, 77, 0, 0, 242 ],
  [ 0, 0, 0, 0, 233 ],
  [ 0, 0, 0, 0, 8 ],
  [ 0, 0, 0, 0, 233 ],
  [ 0, 0, 0, 0, 8 ],
  [ 0, 0, 0, 0, 158 ],
  [ 0, 0, 0, 0, 8 ],
  [ 0, 59, 74, 0, 233 ],
  [ 0, 0, 0, 0, 8 ],
  [ 0, 65, 0, 0, 242 ],
  [ 0, 0, 0, 0, 233 ],
  [ 0, 0, 0, 0, 8 ],
  [ 0, 0, 0, 0, 233 ],
  [ 0, 0, 0, 0, 8 ],
  [ 0, 0, 0, 0, 125 ],
  [ 0, 52, 0, 0, 233 ],
  [ 0, 0, 0, 0, 208 ],
  [ 0, 72, 57, 0, 8 ],
  [ 0, 64, 0, 0, 242 ],
  [ 0, 74, 0, 0, 242 ],
  [ 0, 72, 0, 0, 242 ],
  [ 0, 0, 0, 0, 233 ],
  [ 0, 0, 0, 0, 8 ],
  [ 0, 0, 0, 0, 192 ],
  [ 0, 0, 0, 0, 8 ],
  [ 0, 64, 0, 0, 242 ],
  [ 0, 64, 0, 0, 233 ],
  [ 0, 76, 0, 0, 233 ],
  [ 0, 64, 0, 0, 242 ],
  [ 0, 76, 0, 0, 242 ],
  [ 0, 76, 0, 0, 242 ],
  [ 0, 88, 0, 0, 242 ],
  [ 0, 75, 0, 0, 242 ],
  [ 0, 76, 0, 0, 233 ],
  [ 0, 75, 0, 0, 242 ],
  [ 0, 0, 0, 0, 233 ],
  [ 0, 0, 0, 0, 8 ],
  [ 0, 75, 0, 0, 242 ],
  [ 0, 76, 0, 0, 233 ],
  [ 0, 0, 0, 0, 233 ],
  [ 0, 0, 0, 0, 8 ],
  [ 0, 76, 0, 0, 242 ],
  [ 0, 0, 0, 0, 233 ],
  [ 0, 0, 0, 0, 8 ],
  [ 0, 76, 0, 0, 242 ],
  [ 0, 75, 0, 0, 233 ],
  [ 0, 76, 0, 0, 233 ],
  [ 0, 71, 0, 0, 242 ],
  [ 0, 0, 0, 0, 233 ],
  [ 0, 0, 0, 0, 8 ],
  [ 0, 0, 0, 0, 233 ],
  [ 0, 0, 0, 0, 8 ],
  [ 0, 0, 0, 0, 192 ],
  [ 0, 0, 0, 0, 8 ],
  [ 0, 0, 0, 0, 125 ],
  [ 0, 0, 0, 0, 8 ],
  [ 0, 0, 0, 0, 233 ],
  [ 0, 57, 0, 0, 8 ],
  [ 0, 0, 0, 0, 233 ],
  [ 0, 0, 0, 0, 8 ],
  [ 0, 64, 0, 0, 242 ],
  [ 0, 69, 0, 0, 242 ],
  [ 0, 0, 0, 0, 183 ],
  [ 0, 52, 0, 0, 100 ],
  [ 0, 71, 0, 0, 233 ],
  [ 0, 56, 0, 0, 8 ],
  [ 0, 64, 0, 0, 242 ],
  [ 0, 0, 0, 0, 233 ],
  [ 0, 0, 0, 0, 8 ],
  [ 0, 0, 0, 0, 233 ],
  [ 0, 0, 0, 0, 8 ],
  [ 0, 0, 0, 0, 175 ],
  [ 0, 52, 0, 0, 133 ],
  [ 0, 0, 0, 0, 8 ],
  [ 0, 0, 0, 0, 233 ],
  [ 0, 0, 0, 0, 8 ],
  [ 0, 64, 0, 0, 242 ],
  [ 0, 76, 0, 0, 233 ],
  [ 0, 75, 0, 0, 242 ],
  [ 0, 76, 0, 0, 242 ],
  [ 0, 0, 0, 0, 233 ],
  [ 0, 0, 0, 0, 8 ],
  [ 0, 76, 0, 0, 233 ],
  [ 0, 0, 0, 0, 233 ],
  [ 0, 0, 0, 0, 8 ],
  [ 0, 0, 0, 0, 233 ],
  [ 0, 0, 0, 0, 8 ],
  [ 0, 72, 0, 0, 242 ],
  [ 0, 0, 0, 0, 217 ],
  [ 0, 69, 0, 0, 167 ],
  [ 0, 52, 57, 0, 8 ],
  [ 0, 0, 0, 0, 233 ],
  [ 0, 0, 0, 0, 8 ],
  [ 0, 0, 0, 0, 233 ],
  [ 0, 0, 0, 0, 8 ],
  [ 0, 0, 0, 0, 233 ],
  [ 0, 0, 0, 0, 8 ],
  [ 0, 0, 0, 0, 167 ],
  [ 0, 71, 0, 0, 75 ],
  [ 0, 52, 0, 0, 8 ],
  [ 0, 56, 0, 0, 242 ],
  [ 0, 0, 0, 0, 233 ],
  [ 0, 0, 0, 0, 8 ],
  [ 0, 0, 0, 0, 42 ],
  [ 0, 71, 62, 0, 8 ],
  [ 0, 0, 0, 0, 875 ],
  [ 0, 60, 69, 0, 8 ] ]
