[ [ 77, 0, 0, 0, 729 ],
  [ 74, 0, 0, 0, 729 ],
  [ 72, 0, 0, 0, 729 ],
  [ 69, 0, 0, 0, 729 ],
  [ 72, 0, 0, 0, 233 ],
  [ 74, 0, 0, 0, 233 ],
  [ 72, 0, 0, 0, 233 ],
  [ 70, 0, 0, 0, 233 ],
  [ 69, 0, 0, 0, 233 ],
  [ 67, 0, 0, 0, 233 ],
  [ 65, 0, 0, 0, 233 ],
  [ 0, 0, 0, 0, 481 ],
  [ 69, 0, 0, 0, 481 ],
  [ 67, 0, 0, 0, 233 ],
  [ 65, 0, 0, 0, 481 ],
  [ 65, 0, 0, 0, 233 ],
  [ 65, 0, 0, 0, 481 ],
  [ 67, 0, 0, 0, 233 ],
  [ 69, 0, 0, 0, 481 ],
  [ 69, 0, 0, 0, 233 ],
  [ 69, 0, 0, 0, 233 ],
  [ 67, 0, 0, 0, 233 ],
  [ 65, 0, 0, 0, 233 ],
  [ 67, 0, 0, 0, 233 ],
  [ 69, 0, 0, 0, 233 ],
  [ 67, 0, 0, 0, 233 ],
  [ 65, 0, 0, 0, 481 ],
  [ 64, 0, 0, 0, 233 ],
  [ 65, 0, 0, 0, 1210 ],
  [ 67, 0, 0, 0, 233 ],
  [ 69, 0, 0, 0, 233 ],
  [ 69, 0, 0, 0, 233 ],
  [ 69, 0, 0, 0, 233 ],
  [ 69, 0, 0, 0, 481 ],
  [ 70, 0, 0, 0, 233 ],
  [ 72, 0, 0, 0, 233 ],
  [ 72, 0, 0, 0, 233 ],
  [ 72, 0, 0, 0, 233 ],
  [ 72, 0, 0, 0, 481 ],
  [ 72, 0, 0, 0, 233 ],
  [ 72, 0, 0, 0, 233 ],
  [ 67, 0, 0, 0, 233 ],
  [ 67, 0, 0, 0, 233 ],
  [ 67, 0, 0, 0, 481 ],
  [ 69, 0, 0, 0, 233 ],
  [ 67, 0, 0, 0, 1210 ],
  [ 72, 0, 0, 0, 233 ],
  [ 74, 0, 0, 0, 481 ],
  [ 70, 0, 0, 0, 233 ],
  [ 74, 0, 0, 0, 481 ],
  [ 70, 0, 0, 0, 233 ],
  [ 74, 0, 0, 0, 233 ],
  [ 77, 0, 0, 0, 729 ],
  [ 76, 0, 0, 0, 233 ],
  [ 74, 0, 0, 0, 233 ],
  [ 72, 0, 0, 0, 481 ],
  [ 69, 0, 0, 0, 233 ],
  [ 72, 0, 0, 0, 481 ],
  [ 69, 0, 0, 0, 233 ],
  [ 72, 0, 0, 0, 233 ],
  [ 0, 0, 0, 0, 481 ],
  [ 69, 0, 0, 0, 481 ],
  [ 67, 0, 0, 0, 233 ],
  [ 65, 0, 0, 0, 481 ],
  [ 65, 0, 0, 0, 233 ],
  [ 65, 0, 0, 0, 481 ],
  [ 67, 0, 0, 0, 233 ],
  [ 69, 0, 0, 0, 481 ],
  [ 69, 0, 0, 0, 233 ],
  [ 69, 0, 0, 0, 233 ],
  [ 67, 0, 0, 0, 233 ],
  [ 65, 0, 0, 0, 233 ],
  [ 67, 0, 0, 0, 233 ],
  [ 69, 0, 0, 0, 233 ],
  [ 67, 0, 0, 0, 233 ],
  [ 65, 0, 0, 0, 481 ],
  [ 64, 0, 0, 0, 233 ],
  [ 65, 0, 0, 0, 481 ],
  [ 0, 0, 0, 0, 481 ],
  [ 69, 0, 0, 0, 481 ],
  [ 67, 0, 0, 0, 233 ],
  [ 65, 0, 0, 0, 481 ],
  [ 65, 0, 0, 0, 233 ],
  [ 65, 0, 0, 0, 481 ],
  [ 67, 0, 0, 0, 233 ],
  [ 69, 0, 0, 0, 481 ],
  [ 69, 0, 0, 0, 233 ],
  [ 69, 0, 0, 0, 233 ],
  [ 67, 0, 0, 0, 233 ],
  [ 65, 0, 0, 0, 233 ],
  [ 67, 0, 0, 0, 233 ],
  [ 69, 0, 0, 0, 233 ],
  [ 67, 0, 0, 0, 233 ],
  [ 65, 0, 0, 0, 481 ],
  [ 64, 0, 0, 0, 233 ],
  [ 65, 0, 0, 0, 1210 ],
  [ 67, 0, 0, 0, 233 ],
  [ 69, 0, 0, 0, 233 ],
  [ 69, 0, 0, 0, 233 ],
  [ 69, 0, 0, 0, 233 ],
  [ 69, 0, 0, 0, 481 ],
  [ 70, 0, 0, 0, 233 ],
  [ 72, 0, 0, 0, 233 ],
  [ 72, 0, 0, 0, 233 ],
  [ 72, 0, 0, 0, 233 ],
  [ 72, 0, 0, 0, 481 ],
  [ 72, 0, 0, 0, 233 ],
  [ 72, 0, 0, 0, 233 ],
  [ 67, 0, 0, 0, 233 ],
  [ 67, 0, 0, 0, 233 ],
  [ 67, 0, 0, 0, 481 ],
  [ 69, 0, 0, 0, 233 ],
  [ 67, 0, 0, 0, 1210 ],
  [ 72, 0, 0, 0, 233 ],
  [ 74, 0, 0, 0, 481 ],
  [ 70, 0, 0, 0, 233 ],
  [ 74, 0, 0, 0, 481 ],
  [ 70, 0, 0, 0, 233 ],
  [ 74, 0, 0, 0, 233 ],
  [ 77, 0, 0, 0, 729 ],
  [ 76, 0, 0, 0, 233 ],
  [ 74, 0, 0, 0, 233 ],
  [ 72, 0, 0, 0, 481 ],
  [ 69, 0, 0, 0, 233 ],
  [ 72, 0, 0, 0, 481 ],
  [ 69, 0, 0, 0, 233 ],
  [ 72, 0, 0, 0, 233 ],
  [ 0, 0, 0, 0, 481 ],
  [ 69, 0, 0, 0, 481 ],
  [ 67, 0, 0, 0, 233 ],
  [ 65, 0, 0, 0, 481 ],
  [ 65, 0, 0, 0, 233 ],
  [ 65, 0, 0, 0, 481 ],
  [ 67, 0, 0, 0, 233 ],
  [ 69, 0, 0, 0, 481 ],
  [ 69, 0, 0, 0, 233 ],
  [ 69, 0, 0, 0, 233 ],
  [ 67, 0, 0, 0, 233 ],
  [ 65, 0, 0, 0, 233 ],
  [ 67, 0, 0, 0, 233 ],
  [ 69, 0, 0, 0, 233 ],
  [ 67, 0, 0, 0, 233 ],
  [ 65, 0, 0, 0, 481 ],
  [ 64, 0, 0, 0, 233 ],
  [ 65, 0, 0, 0, 481 ],
  [ 0, 0, 0, 0, 481 ],
  [ 69, 0, 0, 0, 481 ],
  [ 67, 0, 0, 0, 233 ],
  [ 65, 0, 0, 0, 481 ],
  [ 65, 0, 0, 0, 233 ],
  [ 65, 0, 0, 0, 481 ],
  [ 67, 0, 0, 0, 233 ],
  [ 69, 0, 0, 0, 481 ],
  [ 69, 0, 0, 0, 233 ],
  [ 69, 0, 0, 0, 233 ],
  [ 67, 0, 0, 0, 233 ],
  [ 65, 0, 0, 0, 233 ],
  [ 67, 0, 0, 0, 233 ],
  [ 69, 0, 0, 0, 233 ],
  [ 67, 0, 0, 0, 233 ],
  [ 65, 0, 0, 0, 481 ],
  [ 64, 0, 0, 0, 233 ],
  [ 65, 0, 0, 0, 1210 ],
  [ 67, 0, 0, 0, 233 ],
  [ 69, 0, 0, 0, 233 ],
  [ 69, 0, 0, 0, 233 ],
  [ 69, 0, 0, 0, 233 ],
  [ 69, 0, 0, 0, 481 ],
  [ 70, 0, 0, 0, 233 ],
  [ 72, 0, 0, 0, 233 ],
  [ 72, 0, 0, 0, 233 ],
  [ 72, 0, 0, 0, 233 ],
  [ 72, 0, 0, 0, 481 ],
  [ 72, 0, 0, 0, 233 ],
  [ 72, 0, 0, 0, 233 ],
  [ 67, 0, 0, 0, 233 ],
  [ 67, 0, 0, 0, 233 ],
  [ 67, 0, 0, 0, 481 ],
  [ 69, 0, 0, 0, 233 ],
  [ 67, 0, 0, 0, 1210 ],
  [ 72, 0, 0, 0, 233 ],
  [ 74, 0, 0, 0, 481 ],
  [ 70, 0, 0, 0, 233 ],
  [ 74, 0, 0, 0, 481 ],
  [ 70, 0, 0, 0, 233 ],
  [ 74, 0, 0, 0, 233 ],
  [ 77, 0, 0, 0, 729 ],
  [ 76, 0, 0, 0, 233 ],
  [ 74, 0, 0, 0, 233 ],
  [ 72, 0, 0, 0, 481 ],
  [ 69, 0, 0, 0, 233 ],
  [ 72, 0, 0, 0, 481 ],
  [ 69, 0, 0, 0, 233 ],
  [ 72, 0, 0, 0, 233 ],
  [ 0, 0, 0, 0, 481 ],
  [ 77, 0, 0, 0, 729 ],
  [ 74, 0, 0, 0, 729 ],
  [ 72, 0, 0, 0, 729 ],
  [ 69, 0, 0, 0, 729 ],
  [ 72, 0, 0, 0, 233 ],
  [ 74, 0, 0, 0, 233 ],
  [ 72, 0, 0, 0, 233 ],
  [ 70, 0, 0, 0, 233 ],
  [ 69, 0, 0, 0, 233 ],
  [ 67, 0, 0, 0, 233 ],
  [ 65, 0, 0, 0, 233 ],
  [ 0, 0, 0, 0, 481 ],
  [ 77, 0, 0, 0, 242 ] ]
