[ [ 76, 0, 0, 0, 242 ],
  [ 75, 0, 0, 0, 242 ],
  [ 76, 0, 0, 0, 242 ],
  [ 75, 0, 0, 0, 233 ],
  [ 75, 0, 0, 0, 8 ],
  [ 76, 0, 0, 0, 233 ],
  [ 76, 0, 0, 0, 8 ],
  [ 71, 0, 0, 0, 200 ],
  [ 74, 0, 0, 0, 242 ],
  [ 72, 0, 0, 0, 242 ],
  [ 45, 0, 0, 0, 233 ],
  [ 45, 0, 0, 0, 8 ],
  [ 69, 52, 0, 0, 183 ],
  [ 69, 52, 0, 0, 8 ],
  [ 57, 0, 0, 0, 200 ],
  [ 57, 0, 0, 0, 8 ],
  [ 60, 0, 0, 0, 233 ],
  [ 60, 0, 0, 0, 8 ],
  [ 64, 0, 0, 0, 242 ],
  [ 69, 0, 0, 0, 233 ],
  [ 40, 0, 0, 0, 200 ],
  [ 40, 0, 0, 0, 8 ],
  [ 71, 52, 0, 0, 225 ],
  [ 52, 0, 0, 0, 8 ],
  [ 56, 0, 0, 0, 233 ],
  [ 64, 0, 0, 0, 233 ],
  [ 68, 0, 0, 0, 233 ],
  [ 68, 0, 0, 0, 8 ],
  [ 71, 0, 0, 0, 233 ],
  [ 71, 45, 0, 0, 8 ],
  [ 72, 0, 0, 0, 233 ],
  [ 52, 57, 0, 0, 8 ],
  [ 64, 0, 0, 0, 242 ],
  [ 76, 0, 0, 0, 242 ],
  [ 75, 0, 0, 0, 233 ],
  [ 75, 0, 0, 0, 8 ],
  [ 76, 0, 0, 0, 233 ],
  [ 76, 0, 0, 0, 8 ],
  [ 75, 0, 0, 0, 242 ],
  [ 76, 0, 0, 0, 233 ],
  [ 76, 0, 0, 0, 8 ],
  [ 71, 0, 0, 0, 242 ],
  [ 74, 0, 0, 0, 242 ],
  [ 72, 0, 0, 0, 242 ],
  [ 45, 0, 0, 0, 192 ],
  [ 45, 0, 0, 0, 8 ],
  [ 69, 52, 0, 0, 175 ],
  [ 52, 0, 0, 0, 8 ],
  [ 57, 0, 0, 0, 242 ],
  [ 60, 0, 0, 0, 242 ],
  [ 64, 0, 0, 0, 233 ],
  [ 64, 0, 0, 0, 8 ],
  [ 69, 0, 0, 0, 242 ],
  [ 40, 0, 0, 0, 175 ],
  [ 40, 0, 0, 0, 8 ],
  [ 52, 0, 0, 0, 100 ],
  [ 71, 56, 0, 0, 233 ],
  [ 56, 0, 0, 0, 8 ],
  [ 72, 0, 0, 0, 242 ],
  [ 71, 62, 0, 0, 233 ],
  [ 71, 62, 0, 0, 8 ],
  [ 45, 0, 0, 0, 233 ],
  [ 60, 69, 52, 0, 175 ],
  [ 57, 0, 0, 0, 242 ],
  [ 76, 0, 0, 0, 242 ],
  [ 75, 0, 0, 0, 233 ],
  [ 75, 0, 0, 0, 8 ],
  [ 76, 0, 0, 0, 242 ],
  [ 75, 0, 0, 0, 233 ],
  [ 75, 0, 0, 0, 8 ],
  [ 76, 0, 0, 0, 233 ],
  [ 71, 0, 0, 0, 233 ],
  [ 74, 0, 0, 0, 242 ],
  [ 72, 0, 0, 0, 233 ],
  [ 72, 0, 0, 0, 8 ],
  [ 45, 0, 0, 0, 192 ],
  [ 45, 0, 0, 0, 8 ],
  [ 69, 0, 0, 0, 100 ],
  [ 52, 0, 0, 0, 8 ],
  [ 57, 0, 0, 0, 233 ],
  [ 60, 0, 0, 0, 233 ],
  [ 60, 0, 0, 0, 8 ],
  [ 64, 0, 0, 0, 242 ],
  [ 69, 0, 0, 0, 233 ],
  [ 69, 0, 0, 0, 8 ],
  [ 40, 0, 0, 0, 158 ],
  [ 40, 0, 0, 0, 8 ],
  [ 52, 0, 0, 0, 83 ],
  [ 71, 0, 0, 0, 8 ],
  [ 56, 0, 0, 0, 242 ],
  [ 64, 0, 0, 0, 233 ],
  [ 64, 0, 0, 0, 8 ],
  [ 68, 0, 0, 0, 233 ],
  [ 68, 0, 0, 0, 8 ],
  [ 71, 0, 0, 0, 242 ],
  [ 45, 0, 0, 0, 150 ],
  [ 72, 52, 0, 0, 133 ],
  [ 57, 0, 0, 0, 233 ],
  [ 64, 0, 0, 0, 233 ],
  [ 64, 0, 0, 0, 8 ],
  [ 76, 0, 0, 0, 242 ],
  [ 75, 0, 0, 0, 233 ],
  [ 75, 0, 0, 0, 8 ],
  [ 76, 0, 0, 0, 242 ],
  [ 75, 0, 0, 0, 242 ],
  [ 76, 0, 0, 0, 242 ],
  [ 71, 0, 0, 0, 233 ],
  [ 71, 0, 0, 0, 8 ],
  [ 74, 0, 0, 0, 242 ],
  [ 72, 0, 0, 0, 233 ],
  [ 72, 0, 0, 0, 8 ],
  [ 45, 0, 0, 0, 158 ],
  [ 45, 0, 0, 0, 8 ],
  [ 52, 69, 0, 0, 75 ],
  [ 69, 0, 0, 0, 8 ],
  [ 57, 0, 0, 0, 242 ],
  [ 60, 0, 0, 0, 242 ],
  [ 64, 0, 0, 0, 233 ],
  [ 69, 0, 0, 0, 242 ],
  [ 40, 0, 0, 0, 192 ],
  [ 40, 0, 0, 0, 8 ],
  [ 71, 0, 0, 0, 133 ],
  [ 71, 52, 0, 0, 8 ],
  [ 56, 0, 0, 0, 233 ],
  [ 56, 0, 0, 0, 8 ],
  [ 72, 0, 0, 0, 242 ],
  [ 71, 62, 0, 0, 242 ],
  [ 62, 0, 0, 0, 8 ],
  [ 45, 0, 0, 0, 183 ],
  [ 69, 60, 0, 0, 158 ],
  [ 60, 52, 0, 0, 8 ],
  [ 57, 0, 0, 0, 233 ],
  [ 57, 0, 0, 0, 8 ],
  [ 71, 0, 0, 0, 233 ],
  [ 71, 0, 0, 0, 8 ],
  [ 72, 0, 0, 0, 242 ],
  [ 74, 0, 0, 0, 233 ],
  [ 74, 0, 0, 0, 8 ],
  [ 48, 0, 0, 0, 183 ],
  [ 48, 0, 0, 0, 8 ],
  [ 55, 0, 0, 0, 133 ],
  [ 55, 0, 0, 0, 8 ],
  [ 76, 60, 0, 0, 233 ],
  [ 67, 0, 0, 0, 233 ],
  [ 77, 0, 0, 0, 233 ],
  [ 76, 0, 0, 0, 242 ],
  [ 43, 0, 0, 0, 183 ],
  [ 55, 0, 0, 0, 150 ],
  [ 74, 59, 0, 0, 242 ],
  [ 65, 0, 0, 0, 233 ],
  [ 65, 0, 0, 0, 8 ],
  [ 76, 0, 0, 0, 233 ],
  [ 76, 0, 0, 0, 8 ],
  [ 74, 0, 0, 0, 233 ],
  [ 74, 0, 0, 0, 8 ],
  [ 45, 0, 0, 0, 233 ],
  [ 45, 0, 0, 0, 8 ],
  [ 52, 0, 0, 0, 217 ],
  [ 72, 57, 0, 0, 242 ],
  [ 64, 0, 0, 0, 242 ],
  [ 74, 0, 0, 0, 233 ],
  [ 74, 0, 0, 0, 8 ],
  [ 72, 0, 0, 0, 50 ],
  [ 72, 0, 0, 0, 8 ],
  [ 71, 40, 0, 0, 8 ],
  [ 52, 0, 0, 0, 233 ],
  [ 52, 0, 0, 0, 8 ],
  [ 64, 0, 0, 0, 242 ],
  [ 64, 0, 0, 0, 242 ],
  [ 76, 0, 0, 0, 242 ],
  [ 64, 0, 0, 0, 242 ],
  [ 76, 0, 0, 0, 233 ],
  [ 76, 0, 0, 0, 8 ],
  [ 76, 0, 0, 0, 242 ],
  [ 88, 0, 0, 0, 108 ],
  [ 75, 0, 0, 0, 25 ],
  [ 75, 0, 0, 0, 8 ],
  [ 76, 0, 0, 0, 233 ],
  [ 75, 0, 0, 0, 242 ],
  [ 76, 0, 0, 0, 233 ],
  [ 76, 0, 0, 0, 8 ],
  [ 75, 0, 0, 0, 233 ],
  [ 75, 0, 0, 0, 8 ],
  [ 76, 0, 0, 0, 233 ],
  [ 75, 0, 0, 0, 242 ],
  [ 76, 0, 0, 0, 242 ],
  [ 75, 0, 0, 0, 242 ],
  [ 76, 0, 0, 0, 233 ],
  [ 75, 0, 0, 0, 233 ],
  [ 75, 0, 0, 0, 8 ],
  [ 76, 0, 0, 0, 233 ],
  [ 76, 0, 0, 0, 8 ],
  [ 71, 0, 0, 0, 242 ],
  [ 74, 0, 0, 0, 233 ],
  [ 74, 0, 0, 0, 8 ],
  [ 72, 0, 0, 0, 242 ],
  [ 45, 0, 0, 0, 167 ],
  [ 45, 0, 0, 0, 8 ],
  [ 69, 52, 0, 0, 108 ],
  [ 57, 0, 0, 0, 233 ],
  [ 60, 0, 0, 0, 242 ],
  [ 64, 0, 0, 0, 242 ],
  [ 69, 0, 0, 0, 242 ],
  [ 40, 0, 0, 0, 217 ],
  [ 52, 0, 0, 0, 158 ],
  [ 71, 0, 0, 0, 8 ],
  [ 56, 0, 0, 0, 242 ],
  [ 64, 0, 0, 0, 242 ],
  [ 68, 0, 0, 0, 242 ],
  [ 71, 0, 0, 0, 233 ],
  [ 71, 0, 0, 0, 8 ],
  [ 45, 0, 0, 0, 200 ],
  [ 52, 0, 0, 0, 133 ],
  [ 72, 52, 0, 0, 8 ],
  [ 57, 0, 0, 0, 233 ],
  [ 64, 0, 0, 0, 233 ],
  [ 64, 0, 0, 0, 8 ],
  [ 76, 0, 0, 0, 242 ],
  [ 75, 0, 0, 0, 242 ],
  [ 76, 0, 0, 0, 233 ],
  [ 76, 0, 0, 0, 8 ],
  [ 75, 0, 0, 0, 233 ],
  [ 75, 0, 0, 0, 8 ],
  [ 76, 0, 0, 0, 233 ],
  [ 76, 0, 0, 0, 8 ],
  [ 71, 0, 0, 0, 242 ],
  [ 74, 0, 0, 0, 233 ],
  [ 74, 0, 0, 0, 8 ],
  [ 72, 0, 0, 0, 242 ],
  [ 45, 0, 0, 0, 167 ],
  [ 45, 0, 0, 0, 8 ],
  [ 69, 52, 0, 0, 133 ],
  [ 57, 0, 0, 0, 233 ],
  [ 60, 0, 0, 0, 233 ],
  [ 64, 0, 0, 0, 233 ],
  [ 64, 0, 0, 0, 8 ],
  [ 69, 0, 0, 0, 233 ],
  [ 69, 0, 0, 0, 8 ],
  [ 40, 0, 0, 0, 233 ],
  [ 71, 52, 0, 0, 192 ],
  [ 52, 56, 0, 0, 8 ],
  [ 72, 0, 0, 0, 242 ],
  [ 62, 0, 0, 0, 233 ],
  [ 71, 62, 0, 0, 8 ],
  [ 45, 0, 0, 0, 183 ],
  [ 52, 60, 0, 0, 142 ],
  [ 60, 69, 0, 0, 8 ],
  [ 57, 0, 0, 0, 233 ],
  [ 71, 0, 0, 0, 242 ],
  [ 72, 0, 0, 0, 242 ],
  [ 74, 0, 0, 0, 242 ],
  [ 48, 0, 0, 0, 200 ],
  [ 55, 0, 0, 0, 175 ],
  [ 76, 60, 0, 0, 233 ],
  [ 67, 0, 0, 0, 242 ],
  [ 77, 0, 0, 0, 233 ],
  [ 77, 0, 0, 0, 8 ],
  [ 76, 0, 0, 0, 242 ],
  [ 43, 0, 0, 0, 225 ],
  [ 43, 0, 0, 0, 8 ],
  [ 55, 0, 0, 0, 125 ],
  [ 74, 59, 0, 0, 233 ],
  [ 74, 59, 0, 0, 8 ],
  [ 65, 0, 0, 0, 233 ],
  [ 65, 0, 0, 0, 8 ],
  [ 76, 0, 0, 0, 242 ],
  [ 74, 0, 0, 0, 242 ],
  [ 45, 0, 0, 0, 225 ],
  [ 45, 0, 0, 0, 8 ],
  [ 52, 0, 0, 0, 175 ],
  [ 52, 0, 0, 0, 8 ],
  [ 72, 57, 0, 0, 233 ],
  [ 57, 72, 0, 0, 8 ],
  [ 64, 0, 0, 0, 242 ],
  [ 74, 0, 0, 0, 233 ],
  [ 72, 0, 0, 0, 17 ],
  [ 40, 0, 0, 0, 242 ],
  [ 71, 0, 0, 0, 100 ],
  [ 71, 0, 0, 0, 8 ],
  [ 52, 0, 0, 0, 117 ],
  [ 52, 0, 0, 0, 8 ],
  [ 64, 0, 0, 0, 242 ],
  [ 64, 0, 0, 0, 108 ],
  [ 64, 0, 0, 0, 8 ],
  [ 76, 0, 0, 0, 233 ],
  [ 76, 0, 0, 0, 8 ],
  [ 64, 0, 0, 0, 242 ],
  [ 76, 0, 0, 0, 242 ],
  [ 76, 0, 0, 0, 108 ],
  [ 76, 0, 0, 0, 8 ],
  [ 88, 0, 0, 0, 25 ],
  [ 75, 0, 0, 0, 108 ],
  [ 75, 0, 0, 0, 8 ],
  [ 76, 0, 0, 0, 233 ],
  [ 75, 0, 0, 0, 117 ],
  [ 76, 0, 0, 0, 233 ],
  [ 75, 0, 0, 0, 242 ],
  [ 76, 0, 0, 0, 233 ],
  [ 75, 0, 0, 0, 117 ],
  [ 76, 0, 0, 0, 233 ],
  [ 76, 0, 0, 0, 8 ],
  [ 75, 0, 0, 0, 108 ],
  [ 75, 0, 0, 0, 8 ],
  [ 76, 0, 0, 0, 242 ],
  [ 75, 0, 0, 0, 242 ],
  [ 76, 0, 0, 0, 233 ],
  [ 76, 0, 0, 0, 8 ],
  [ 71, 0, 0, 0, 233 ],
  [ 74, 0, 0, 0, 242 ],
  [ 72, 0, 0, 0, 108 ],
  [ 72, 0, 0, 0, 8 ],
  [ 45, 0, 0, 0, 167 ],
  [ 69, 0, 0, 0, 108 ],
  [ 69, 0, 0, 0, 8 ],
  [ 52, 0, 0, 0, 108 ],
  [ 52, 0, 0, 0, 8 ],
  [ 57, 0, 0, 0, 233 ],
  [ 60, 0, 0, 0, 233 ],
  [ 60, 0, 0, 0, 8 ],
  [ 64, 0, 0, 0, 242 ],
  [ 69, 0, 0, 0, 233 ],
  [ 40, 0, 0, 0, 167 ],
  [ 71, 0, 0, 0, 150 ],
  [ 52, 0, 0, 0, 8 ],
  [ 56, 0, 0, 0, 233 ],
  [ 64, 0, 0, 0, 233 ],
  [ 68, 0, 0, 0, 233 ],
  [ 68, 71, 0, 0, 8 ],
  [ 71, 0, 0, 0, 8 ],
  [ 45, 0, 0, 0, 242 ],
  [ 52, 72, 0, 0, 217 ],
  [ 72, 52, 0, 0, 8 ],
  [ 57, 0, 0, 0, 233 ],
  [ 57, 0, 0, 0, 8 ],
  [ 64, 0, 0, 0, 108 ],
  [ 64, 0, 0, 0, 8 ],
  [ 76, 0, 0, 0, 242 ],
  [ 75, 0, 0, 0, 242 ],
  [ 76, 0, 0, 0, 242 ],
  [ 75, 0, 0, 0, 242 ],
  [ 76, 0, 0, 0, 233 ],
  [ 76, 0, 0, 0, 8 ],
  [ 71, 0, 0, 0, 233 ],
  [ 71, 0, 0, 0, 8 ],
  [ 74, 0, 0, 0, 233 ],
  [ 74, 0, 0, 0, 8 ],
  [ 72, 0, 0, 0, 233 ],
  [ 45, 0, 0, 0, 208 ],
  [ 69, 0, 0, 0, 50 ],
  [ 52, 0, 0, 0, 125 ],
  [ 57, 0, 0, 0, 242 ],
  [ 60, 0, 0, 0, 233 ],
  [ 60, 0, 0, 0, 8 ],
  [ 64, 0, 0, 0, 242 ],
  [ 69, 0, 0, 0, 233 ],
  [ 40, 0, 0, 0, 142 ],
  [ 71, 52, 0, 0, 92 ],
  [ 52, 71, 0, 0, 8 ],
  [ 56, 0, 0, 0, 233 ],
  [ 56, 0, 0, 0, 8 ],
  [ 62, 0, 0, 0, 242 ],
  [ 72, 0, 0, 0, 233 ],
  [ 72, 0, 0, 0, 8 ],
  [ 71, 0, 0, 0, 108 ],
  [ 71, 0, 0, 0, 8 ],
  [ 45, 0, 0, 0, 233 ],
  [ 69, 60, 0, 0, 92 ],
  [ 60, 69, 0, 0, 8 ],
  [ 52, 0, 0, 0, 117 ],
  [ 57, 0, 0, 0, 242 ],
  [ 64, 72, 0, 0, 117 ],
  [ 60, 58, 0, 0, 117 ],
  [ 65, 72, 0, 0, 108 ],
  [ 72, 60, 57, 0, 8 ],
  [ 72, 67, 0, 0, 108 ],
  [ 67, 64, 72, 0, 8 ],
  [ 60, 58, 55, 0, 117 ],
  [ 53, 0, 0, 0, 233 ],
  [ 57, 0, 0, 0, 242 ],
  [ 60, 0, 0, 0, 242 ],
  [ 72, 0, 0, 0, 108 ],
  [ 72, 0, 0, 0, 8 ],
  [ 57, 0, 0, 0, 125 ],
  [ 60, 0, 0, 0, 242 ],
  [ 77, 0, 0, 0, 108 ],
  [ 77, 0, 0, 0, 8 ],
  [ 76, 57, 0, 0, 117 ],
  [ 53, 0, 0, 0, 183 ],
  [ 53, 0, 0, 0, 8 ],
  [ 76, 58, 0, 0, 192 ],
  [ 76, 58, 0, 0, 8 ],
  [ 62, 0, 0, 0, 233 ],
  [ 62, 0, 0, 0, 8 ],
  [ 74, 58, 0, 0, 108 ],
  [ 62, 0, 0, 0, 233 ],
  [ 62, 0, 0, 0, 8 ],
  [ 82, 0, 0, 0, 108 ],
  [ 58, 0, 0, 0, 108 ],
  [ 81, 58, 0, 0, 8 ],
  [ 53, 0, 0, 0, 200 ],
  [ 81, 0, 0, 0, 8 ],
  [ 79, 62, 0, 0, 225 ],
  [ 77, 53, 55, 58, 233 ],
  [ 76, 0, 0, 0, 233 ],
  [ 62, 0, 0, 0, 8 ],
  [ 74, 58, 0, 0, 233 ],
  [ 74, 53, 55, 58, 8 ],
  [ 72, 62, 0, 0, 242 ],
  [ 53, 0, 0, 0, 225 ],
  [ 53, 0, 0, 0, 8 ],
  [ 70, 57, 0, 0, 225 ],
  [ 57, 0, 0, 0, 8 ],
  [ 60, 0, 0, 0, 233 ],
  [ 60, 0, 0, 0, 8 ],
  [ 69, 0, 0, 0, 108 ],
  [ 69, 0, 0, 0, 8 ],
  [ 57, 70, 0, 0, 108 ],
  [ 70, 57, 0, 0, 8 ],
  [ 69, 0, 0, 0, 117 ],
  [ 60, 0, 0, 0, 108 ],
  [ 67, 60, 0, 0, 8 ],
  [ 69, 0, 0, 0, 108 ],
  [ 57, 0, 0, 0, 17 ],
  [ 70, 57, 0, 0, 8 ],
  [ 53, 0, 0, 0, 233 ],
  [ 57, 0, 0, 0, 167 ],
  [ 57, 0, 0, 0, 8 ],
  [ 60, 0, 0, 0, 242 ],
  [ 72, 0, 0, 0, 233 ],
  [ 57, 72, 0, 0, 8 ],
  [ 60, 74, 0, 0, 233 ],
  [ 74, 0, 0, 0, 8 ],
  [ 75, 0, 0, 0, 233 ],
  [ 75, 57, 0, 0, 8 ],
  [ 52, 0, 0, 0, 242 ],
  [ 57, 0, 0, 0, 183 ],
  [ 76, 0, 0, 0, 125 ],
  [ 60, 0, 0, 0, 117 ],
  [ 76, 57, 0, 0, 233 ],
  [ 76, 57, 0, 0, 8 ],
  [ 77, 62, 50, 0, 233 ],
  [ 69, 0, 0, 0, 8 ],
  [ 53, 55, 0, 0, 125 ],
  [ 55, 0, 0, 0, 8 ],
  [ 72, 0, 0, 0, 108 ],
  [ 72, 0, 0, 0, 8 ],
  [ 64, 0, 0, 0, 117 ],
  [ 64, 0, 0, 0, 8 ],
  [ 74, 0, 0, 0, 117 ],
  [ 55, 0, 0, 0, 108 ],
  [ 72, 55, 0, 0, 8 ],
  [ 71, 0, 0, 0, 108 ],
  [ 71, 0, 0, 0, 8 ],
  [ 72, 64, 0, 0, 108 ],
  [ 55, 0, 0, 0, 75 ],
  [ 55, 0, 0, 0, 8 ],
  [ 74, 0, 0, 0, 108 ],
  [ 71, 0, 0, 0, 17 ],
  [ 65, 0, 0, 0, 8 ],
  [ 72, 0, 0, 0, 117 ],
  [ 79, 64, 60, 0, 108 ],
  [ 79, 64, 60, 0, 8 ],
  [ 67, 0, 0, 0, 117 ],
  [ 79, 0, 0, 0, 108 ],
  [ 79, 0, 0, 0, 8 ],
  [ 69, 0, 0, 0, 108 ],
  [ 69, 0, 0, 0, 8 ],
  [ 79, 0, 0, 0, 108 ],
  [ 71, 0, 0, 0, 108 ],
  [ 71, 0, 0, 0, 8 ],
  [ 67, 79, 0, 0, 108 ],
  [ 79, 65, 67, 0, 8 ],
  [ 72, 0, 0, 0, 108 ],
  [ 72, 0, 0, 0, 8 ],
  [ 64, 67, 0, 0, 108 ],
  [ 79, 67, 0, 0, 8 ],
  [ 74, 0, 0, 0, 50 ],
  [ 79, 67, 62, 65, 108 ],
  [ 76, 0, 0, 0, 108 ],
  [ 60, 79, 67, 0, 108 ],
  [ 79, 67, 64, 60, 8 ],
  [ 84, 0, 0, 0, 108 ],
  [ 84, 0, 0, 0, 8 ],
  [ 83, 0, 0, 0, 117 ],
  [ 81, 0, 0, 0, 33 ],
  [ 81, 0, 0, 0, 8 ],
  [ 79, 0, 0, 0, 108 ],
  [ 77, 0, 0, 0, 8 ],
  [ 77, 0, 0, 0, 8 ],
  [ 57, 76, 0, 0, 108 ],
  [ 76, 53, 74, 0, 8 ],
  [ 74, 0, 0, 0, 8 ],
  [ 79, 59, 55, 0, 117 ],
  [ 77, 0, 0, 0, 108 ],
  [ 77, 0, 0, 0, 8 ],
  [ 74, 0, 0, 0, 67 ],
  [ 74, 0, 0, 0, 8 ],
  [ 72, 0, 0, 0, 117 ],
  [ 60, 0, 0, 0, 50 ],
  [ 79, 60, 0, 0, 8 ],
  [ 67, 0, 0, 0, 108 ],
  [ 67, 0, 0, 0, 8 ],
  [ 79, 0, 0, 0, 117 ],
  [ 69, 0, 0, 0, 33 ],
  [ 79, 0, 0, 0, 108 ],
  [ 79, 0, 0, 0, 8 ],
  [ 71, 0, 0, 0, 42 ],
  [ 71, 0, 0, 0, 8 ],
  [ 79, 67, 65, 0, 117 ],
  [ 72, 0, 0, 0, 42 ],
  [ 79, 67, 64, 0, 117 ],
  [ 74, 0, 0, 0, 50 ],
  [ 62, 65, 67, 0, 108 ],
  [ 79, 67, 65, 0, 8 ],
  [ 76, 0, 0, 0, 75 ],
  [ 76, 0, 0, 0, 8 ],
  [ 60, 67, 79, 64, 108 ],
  [ 79, 64, 60, 67, 8 ],
  [ 84, 0, 0, 0, 83 ],
  [ 83, 0, 0, 0, 117 ],
  [ 81, 0, 0, 0, 108 ],
  [ 81, 0, 0, 0, 8 ],
  [ 79, 0, 0, 0, 67 ],
  [ 79, 57, 53, 0, 8 ],
  [ 77, 0, 0, 0, 108 ],
  [ 76, 0, 0, 0, 100 ],
  [ 74, 0, 0, 0, 17 ],
  [ 55, 59, 0, 0, 108 ],
  [ 79, 55, 59, 0, 8 ],
  [ 77, 0, 0, 0, 117 ],
  [ 74, 0, 0, 0, 75 ],
  [ 76, 0, 0, 0, 75 ],
  [ 76, 0, 0, 0, 8 ],
  [ 77, 0, 0, 0, 108 ],
  [ 77, 0, 0, 0, 8 ],
  [ 76, 0, 0, 0, 117 ],
  [ 75, 59, 0, 0, 117 ],
  [ 56, 59, 0, 0, 8 ],
  [ 76, 0, 0, 0, 117 ],
  [ 71, 0, 0, 0, 117 ],
  [ 76, 0, 0, 0, 108 ],
  [ 76, 0, 0, 0, 8 ],
  [ 75, 0, 0, 0, 108 ],
  [ 75, 0, 0, 0, 8 ],
  [ 76, 0, 0, 0, 117 ],
  [ 71, 0, 0, 0, 108 ],
  [ 71, 0, 0, 0, 8 ],
  [ 76, 0, 0, 0, 83 ],
  [ 75, 0, 0, 0, 108 ],
  [ 75, 0, 0, 0, 8 ],
  [ 76, 0, 0, 0, 742 ],
  [ 71, 0, 0, 0, 233 ],
  [ 71, 0, 0, 0, 8 ],
  [ 76, 0, 0, 0, 233 ],
  [ 76, 0, 0, 0, 8 ],
  [ 75, 0, 0, 0, 233 ],
  [ 75, 0, 0, 0, 8 ],
  [ 76, 0, 0, 0, 392 ],
  [ 71, 0, 0, 0, 242 ],
  [ 76, 0, 0, 0, 242 ],
  [ 75, 0, 0, 0, 233 ],
  [ 76, 0, 0, 0, 208 ],
  [ 76, 0, 0, 0, 8 ],
  [ 75, 0, 0, 0, 200 ],
  [ 76, 0, 0, 0, 242 ],
  [ 75, 0, 0, 0, 242 ],
  [ 76, 0, 0, 0, 233 ],
  [ 75, 0, 0, 0, 242 ],
  [ 76, 0, 0, 0, 242 ],
  [ 75, 0, 0, 0, 233 ],
  [ 76, 0, 0, 0, 242 ],
  [ 71, 0, 0, 0, 242 ],
  [ 74, 0, 0, 0, 233 ],
  [ 74, 0, 0, 0, 8 ],
  [ 72, 0, 0, 0, 233 ],
  [ 72, 0, 0, 0, 8 ],
  [ 45, 0, 0, 0, 183 ],
  [ 69, 52, 0, 0, 167 ],
  [ 57, 0, 0, 0, 233 ],
  [ 60, 0, 0, 0, 233 ],
  [ 60, 0, 0, 0, 8 ],
  [ 64, 0, 0, 0, 242 ],
  [ 69, 0, 0, 0, 233 ],
  [ 69, 0, 0, 0, 8 ],
  [ 40, 0, 0, 0, 225 ],
  [ 52, 0, 0, 0, 192 ],
  [ 71, 52, 0, 0, 8 ],
  [ 56, 0, 0, 0, 233 ],
  [ 64, 0, 0, 0, 242 ],
  [ 68, 0, 0, 0, 233 ],
  [ 68, 71, 0, 0, 8 ],
  [ 71, 0, 0, 0, 8 ],
  [ 45, 0, 0, 0, 242 ],
  [ 72, 0, 0, 0, 225 ],
  [ 52, 0, 0, 0, 8 ],
  [ 57, 0, 0, 0, 242 ],
  [ 64, 0, 0, 0, 233 ],
  [ 64, 0, 0, 0, 8 ],
  [ 76, 0, 0, 0, 242 ],
  [ 75, 0, 0, 0, 233 ],
  [ 75, 0, 0, 0, 8 ],
  [ 76, 0, 0, 0, 242 ],
  [ 75, 0, 0, 0, 242 ],
  [ 76, 0, 0, 0, 242 ],
  [ 71, 0, 0, 0, 242 ],
  [ 74, 0, 0, 0, 233 ],
  [ 74, 0, 0, 0, 8 ],
  [ 72, 0, 0, 0, 242 ],
  [ 45, 0, 0, 0, 200 ],
  [ 45, 0, 0, 0, 8 ],
  [ 69, 52, 0, 0, 142 ],
  [ 69, 52, 57, 0, 8 ],
  [ 60, 0, 0, 0, 233 ],
  [ 64, 0, 0, 0, 233 ],
  [ 69, 0, 0, 0, 233 ],
  [ 40, 0, 0, 0, 200 ],
  [ 40, 0, 0, 0, 8 ],
  [ 71, 52, 0, 0, 158 ],
  [ 56, 0, 0, 0, 242 ],
  [ 62, 0, 0, 0, 233 ],
  [ 62, 0, 0, 0, 8 ],
  [ 72, 71, 0, 0, 242 ],
  [ 71, 0, 0, 0, 8 ],
  [ 45, 0, 0, 0, 233 ],
  [ 45, 0, 0, 0, 8 ],
  [ 52, 0, 0, 0, 192 ],
  [ 60, 69, 0, 0, 8 ],
  [ 57, 0, 0, 0, 233 ],
  [ 71, 0, 0, 0, 242 ],
  [ 72, 0, 0, 0, 242 ],
  [ 74, 0, 0, 0, 233 ],
  [ 74, 0, 0, 0, 8 ],
  [ 48, 0, 0, 0, 217 ],
  [ 48, 0, 0, 0, 8 ],
  [ 55, 0, 0, 0, 158 ],
  [ 55, 0, 0, 0, 8 ],
  [ 76, 60, 0, 0, 233 ],
  [ 76, 60, 0, 0, 8 ],
  [ 67, 0, 0, 0, 242 ],
  [ 77, 0, 0, 0, 242 ],
  [ 76, 0, 0, 0, 242 ],
  [ 43, 0, 0, 0, 225 ],
  [ 55, 0, 0, 0, 183 ],
  [ 59, 0, 0, 0, 242 ],
  [ 74, 0, 0, 0, 8 ],
  [ 65, 0, 0, 0, 242 ],
  [ 76, 0, 0, 0, 242 ],
  [ 74, 0, 0, 0, 242 ],
  [ 45, 0, 0, 0, 233 ],
  [ 45, 0, 0, 0, 8 ],
  [ 52, 0, 0, 0, 192 ],
  [ 52, 0, 0, 0, 8 ],
  [ 57, 72, 0, 0, 233 ],
  [ 72, 57, 0, 0, 8 ],
  [ 64, 0, 0, 0, 242 ],
  [ 74, 0, 0, 0, 233 ],
  [ 74, 0, 0, 0, 8 ],
  [ 72, 0, 0, 0, 233 ],
  [ 71, 40, 0, 0, 233 ],
  [ 40, 0, 0, 0, 8 ],
  [ 52, 0, 0, 0, 225 ],
  [ 64, 0, 0, 0, 233 ],
  [ 64, 0, 0, 0, 233 ],
  [ 64, 0, 0, 0, 8 ],
  [ 76, 0, 0, 0, 242 ],
  [ 64, 0, 0, 0, 242 ],
  [ 76, 0, 0, 0, 242 ],
  [ 76, 0, 0, 0, 242 ],
  [ 88, 0, 0, 0, 233 ],
  [ 75, 0, 0, 0, 75 ],
  [ 76, 0, 0, 0, 25 ],
  [ 75, 0, 0, 0, 233 ],
  [ 75, 0, 0, 0, 8 ],
  [ 76, 0, 0, 0, 242 ],
  [ 75, 0, 0, 0, 233 ],
  [ 76, 0, 0, 0, 233 ],
  [ 75, 0, 0, 0, 233 ],
  [ 75, 0, 0, 0, 8 ],
  [ 76, 0, 0, 0, 233 ],
  [ 76, 0, 0, 0, 8 ],
  [ 75, 0, 0, 0, 233 ],
  [ 76, 0, 0, 0, 242 ],
  [ 75, 0, 0, 0, 242 ],
  [ 76, 0, 0, 0, 233 ],
  [ 76, 0, 0, 0, 8 ],
  [ 71, 0, 0, 0, 242 ],
  [ 74, 0, 0, 0, 242 ],
  [ 72, 0, 0, 0, 233 ],
  [ 72, 0, 0, 0, 8 ],
  [ 45, 0, 0, 0, 208 ],
  [ 52, 0, 0, 0, 150 ],
  [ 52, 0, 0, 0, 8 ],
  [ 69, 0, 0, 0, 233 ],
  [ 69, 57, 0, 0, 8 ],
  [ 60, 0, 0, 0, 242 ],
  [ 64, 0, 0, 0, 233 ],
  [ 69, 0, 0, 0, 233 ],
  [ 40, 0, 0, 0, 208 ],
  [ 52, 0, 0, 0, 175 ],
  [ 71, 52, 56, 0, 8 ],
  [ 64, 0, 0, 0, 242 ],
  [ 68, 0, 0, 0, 242 ],
  [ 71, 0, 0, 0, 233 ],
  [ 71, 0, 0, 0, 8 ],
  [ 45, 0, 0, 0, 200 ],
  [ 72, 52, 0, 0, 142 ],
  [ 57, 0, 0, 0, 242 ],
  [ 64, 0, 0, 0, 233 ],
  [ 64, 0, 0, 0, 8 ],
  [ 76, 0, 0, 0, 242 ],
  [ 75, 0, 0, 0, 233 ],
  [ 75, 0, 0, 0, 8 ],
  [ 76, 0, 0, 0, 233 ],
  [ 76, 0, 0, 0, 8 ],
  [ 75, 0, 0, 0, 242 ],
  [ 76, 0, 0, 0, 242 ],
  [ 71, 0, 0, 0, 242 ],
  [ 74, 0, 0, 0, 242 ],
  [ 72, 0, 0, 0, 242 ],
  [ 45, 0, 0, 0, 108 ],
  [ 52, 0, 0, 0, 58 ],
  [ 52, 0, 0, 0, 8 ],
  [ 69, 57, 0, 0, 233 ],
  [ 69, 57, 0, 0, 8 ],
  [ 60, 0, 0, 0, 242 ],
  [ 64, 0, 0, 0, 233 ],
  [ 64, 0, 0, 0, 8 ],
  [ 69, 0, 0, 0, 242 ],
  [ 40, 0, 0, 0, 117 ],
  [ 71, 52, 0, 0, 83 ],
  [ 56, 0, 0, 0, 233 ],
  [ 56, 0, 0, 0, 8 ],
  [ 72, 0, 0, 0, 233 ],
  [ 71, 0, 0, 0, 242 ],
  [ 62, 0, 0, 0, 8 ],
  [ 45, 0, 0, 0, 192 ],
  [ 69, 0, 0, 0, 142 ],
  [ 60, 45, 0, 0, 8 ],
  [ 45, 0, 0, 0, 233 ],
  [ 45, 0, 0, 0, 233 ],
  [ 45, 0, 0, 0, 8 ],
  [ 45, 0, 0, 0, 242 ],
  [ 45, 0, 0, 0, 167 ],
  [ 45, 0, 0, 0, 8 ],
  [ 45, 0, 0, 0, 167 ],
  [ 45, 0, 0, 0, 8 ],
  [ 45, 0, 0, 0, 233 ],
  [ 45, 0, 0, 0, 8 ],
  [ 45, 0, 0, 0, 242 ],
  [ 64, 70, 45, 0, 242 ],
  [ 67, 73, 64, 0, 8 ],
  [ 45, 0, 0, 0, 242 ],
  [ 45, 0, 0, 0, 208 ],
  [ 45, 0, 0, 0, 208 ],
  [ 45, 0, 0, 0, 8 ],
  [ 74, 65, 0, 0, 233 ],
  [ 69, 65, 45, 74, 8 ],
  [ 45, 0, 0, 0, 233 ],
  [ 73, 45, 76, 0, 233 ],
  [ 76, 45, 0, 0, 8 ],
  [ 77, 45, 74, 0, 233 ],
  [ 74, 45, 0, 0, 8 ],
  [ 45, 0, 0, 0, 233 ],
  [ 45, 0, 0, 0, 200 ],
  [ 45, 0, 0, 0, 8 ],
  [ 68, 74, 0, 0, 233 ],
  [ 77, 74, 45, 68, 8 ],
  [ 45, 0, 0, 0, 242 ],
  [ 68, 0, 0, 0, 233 ],
  [ 77, 74, 45, 68, 8 ],
  [ 45, 0, 0, 0, 233 ],
  [ 45, 0, 0, 0, 17 ],
  [ 45, 0, 0, 0, 242 ],
  [ 45, 0, 0, 0, 233 ],
  [ 45, 0, 0, 0, 8 ],
  [ 45, 0, 0, 0, 233 ],
  [ 45, 0, 0, 0, 8 ],
  [ 72, 0, 0, 0, 233 ],
  [ 69, 76, 45, 0, 8 ],
  [ 45, 0, 0, 0, 8 ],
  [ 45, 38, 0, 0, 233 ],
  [ 38, 0, 0, 0, 233 ],
  [ 38, 45, 0, 0, 8 ],
  [ 74, 38, 65, 45, 233 ],
  [ 65, 45, 0, 0, 8 ],
  [ 38, 45, 0, 0, 233 ],
  [ 38, 45, 0, 0, 8 ],
  [ 45, 38, 0, 0, 233 ],
  [ 64, 72, 38, 0, 8 ],
  [ 45, 62, 71, 38, 233 ],
  [ 62, 71, 38, 45, 8 ],
  [ 39, 0, 0, 0, 233 ],
  [ 45, 39, 0, 0, 8 ],
  [ 45, 39, 0, 0, 192 ],
  [ 39, 0, 0, 0, 8 ],
  [ 66, 39, 0, 0, 233 ],
  [ 39, 45, 66, 0, 8 ],
  [ 69, 60, 45, 39, 233 ],
  [ 69, 45, 0, 0, 233 ],
  [ 60, 39, 45, 0, 8 ],
  [ 45, 39, 0, 0, 233 ],
  [ 60, 40, 45, 0, 233 ],
  [ 69, 0, 0, 0, 8 ],
  [ 45, 40, 0, 0, 233 ],
  [ 72, 40, 64, 0, 233 ],
  [ 64, 45, 72, 40, 8 ],
  [ 40, 45, 0, 0, 233 ],
  [ 62, 40, 44, 0, 233 ],
  [ 71, 44, 0, 0, 8 ],
  [ 40, 44, 0, 0, 25 ],
  [ 45, 0, 0, 0, 233 ],
  [ 45, 33, 0, 0, 242 ],
  [ 33, 0, 0, 0, 8 ],
  [ 45, 0, 0, 0, 233 ],
  [ 45, 0, 0, 0, 8 ],
  [ 69, 60, 45, 0, 233 ],
  [ 45, 69, 0, 0, 8 ],
  [ 45, 0, 0, 0, 233 ],
  [ 45, 0, 0, 0, 8 ],
  [ 45, 0, 0, 0, 233 ],
  [ 45, 0, 0, 0, 217 ],
  [ 45, 0, 0, 0, 167 ],
  [ 45, 0, 0, 0, 242 ],
  [ 45, 0, 0, 0, 233 ],
  [ 45, 0, 0, 0, 8 ],
  [ 73, 67, 64, 45, 242 ],
  [ 70, 73, 67, 64, 8 ],
  [ 45, 0, 0, 0, 233 ],
  [ 45, 0, 0, 0, 225 ],
  [ 45, 0, 0, 0, 8 ],
  [ 45, 0, 0, 0, 192 ],
  [ 45, 0, 0, 0, 8 ],
  [ 69, 65, 74, 0, 233 ],
  [ 65, 74, 45, 69, 8 ],
  [ 45, 0, 0, 0, 233 ],
  [ 76, 73, 0, 0, 233 ],
  [ 73, 45, 76, 0, 8 ],
  [ 77, 0, 0, 0, 233 ],
  [ 74, 45, 77, 0, 8 ],
  [ 45, 0, 0, 0, 192 ],
  [ 45, 0, 0, 0, 8 ],
  [ 45, 0, 0, 0, 158 ],
  [ 45, 0, 0, 0, 8 ],
  [ 77, 45, 0, 0, 242 ],
  [ 74, 77, 0, 0, 8 ],
  [ 45, 0, 0, 0, 242 ],
  [ 45, 0, 0, 0, 233 ],
  [ 74, 77, 45, 0, 8 ],
  [ 45, 0, 0, 0, 242 ],
  [ 46, 0, 0, 0, 175 ],
  [ 46, 0, 0, 0, 8 ],
  [ 46, 0, 0, 0, 133 ],
  [ 46, 0, 0, 0, 8 ],
  [ 46, 0, 0, 0, 233 ],
  [ 46, 0, 0, 0, 233 ],
  [ 46, 0, 0, 0, 8 ],
  [ 77, 0, 0, 0, 233 ],
  [ 74, 46, 77, 0, 8 ],
  [ 46, 0, 0, 0, 233 ],
  [ 46, 0, 0, 0, 175 ],
  [ 46, 0, 0, 0, 8 ],
  [ 67, 46, 0, 0, 233 ],
  [ 75, 46, 0, 0, 8 ],
  [ 46, 0, 0, 0, 242 ],
  [ 65, 46, 0, 0, 233 ],
  [ 74, 46, 0, 0, 8 ],
  [ 63, 72, 46, 0, 233 ],
  [ 46, 0, 0, 0, 233 ],
  [ 46, 0, 0, 0, 8 ],
  [ 46, 0, 0, 0, 200 ],
  [ 46, 0, 0, 0, 233 ],
  [ 70, 46, 0, 0, 242 ],
  [ 62, 65, 70, 0, 8 ],
  [ 69, 46, 0, 0, 233 ],
  [ 46, 0, 0, 0, 8 ],
  [ 65, 0, 0, 0, 233 ],
  [ 62, 46, 0, 0, 8 ],
  [ 47, 0, 0, 0, 200 ],
  [ 47, 0, 0, 0, 117 ],
  [ 47, 0, 0, 0, 8 ],
  [ 65, 68, 0, 0, 233 ],
  [ 62, 65, 68, 47, 8 ],
  [ 47, 0, 0, 0, 233 ],
  [ 65, 62, 0, 0, 233 ],
  [ 68, 47, 65, 0, 8 ],
  [ 47, 0, 0, 0, 233 ],
  [ 48, 0, 0, 0, 242 ],
  [ 48, 0, 0, 0, 8 ],
  [ 60, 69, 64, 0, 242 ],
  [ 64, 60, 0, 0, 8 ],
  [ 71, 64, 56, 52, 125 ],
  [ 71, 56, 0, 0, 8 ],
  [ 57, 0, 0, 0, 133 ],
  [ 60, 0, 0, 0, 150 ],
  [ 60, 0, 0, 0, 8 ],
  [ 64, 33, 0, 0, 150 ],
  [ 64, 33, 69, 0, 8 ],
  [ 69, 0, 0, 0, 8 ],
  [ 72, 0, 0, 0, 150 ],
  [ 72, 0, 0, 0, 8 ],
  [ 76, 0, 0, 0, 158 ],
  [ 74, 0, 0, 0, 150 ],
  [ 74, 0, 0, 0, 8 ],
  [ 57, 0, 0, 0, 75 ],
  [ 57, 64, 0, 0, 8 ],
  [ 72, 0, 0, 0, 75 ],
  [ 71, 0, 0, 0, 150 ],
  [ 71, 60, 0, 0, 8 ],
  [ 69, 0, 0, 0, 158 ],
  [ 60, 64, 0, 0, 67 ],
  [ 60, 57, 64, 0, 8 ],
  [ 72, 0, 0, 0, 83 ],
  [ 76, 0, 0, 0, 158 ],
  [ 81, 0, 0, 0, 150 ],
  [ 81, 0, 0, 0, 8 ],
  [ 84, 0, 0, 0, 158 ],
  [ 88, 0, 0, 0, 158 ],
  [ 86, 0, 0, 0, 150 ],
  [ 60, 57, 0, 0, 67 ],
  [ 64, 0, 0, 0, 8 ],
  [ 84, 0, 0, 0, 75 ],
  [ 83, 0, 0, 0, 158 ],
  [ 81, 0, 0, 0, 158 ],
  [ 60, 57, 64, 0, 67 ],
  [ 60, 0, 0, 0, 8 ],
  [ 84, 0, 0, 0, 75 ],
  [ 84, 0, 0, 0, 8 ],
  [ 88, 0, 0, 0, 158 ],
  [ 93, 0, 0, 0, 150 ],
  [ 93, 0, 0, 0, 8 ],
  [ 96, 0, 0, 0, 158 ],
  [ 100, 0, 0, 0, 150 ],
  [ 100, 0, 0, 0, 8 ],
  [ 98, 0, 0, 0, 150 ],
  [ 98, 0, 0, 0, 8 ],
  [ 60, 64, 0, 0, 67 ],
  [ 57, 60, 0, 0, 8 ],
  [ 96, 0, 0, 0, 50 ],
  [ 95, 0, 0, 0, 158 ],
  [ 94, 0, 0, 0, 92 ],
  [ 64, 60, 57, 0, 67 ],
  [ 57, 0, 0, 0, 8 ],
  [ 93, 0, 0, 0, 42 ],
  [ 93, 0, 0, 0, 8 ],
  [ 92, 0, 0, 0, 158 ],
  [ 91, 0, 0, 0, 150 ],
  [ 91, 0, 0, 0, 8 ],
  [ 90, 0, 0, 0, 158 ],
  [ 89, 0, 0, 0, 158 ],
  [ 88, 0, 0, 0, 150 ],
  [ 88, 0, 0, 0, 8 ],
  [ 87, 0, 0, 0, 150 ],
  [ 87, 0, 0, 0, 8 ],
  [ 86, 0, 0, 0, 158 ],
  [ 85, 0, 0, 0, 158 ],
  [ 84, 0, 0, 0, 150 ],
  [ 84, 0, 0, 0, 8 ],
  [ 83, 0, 0, 0, 158 ],
  [ 82, 0, 0, 0, 158 ],
  [ 81, 0, 0, 0, 150 ],
  [ 81, 0, 0, 0, 8 ],
  [ 80, 0, 0, 0, 158 ],
  [ 79, 0, 0, 0, 150 ],
  [ 79, 0, 0, 0, 8 ],
  [ 78, 0, 0, 0, 158 ],
  [ 77, 0, 0, 0, 150 ],
  [ 77, 0, 0, 0, 8 ],
  [ 76, 0, 0, 0, 242 ],
  [ 75, 0, 0, 0, 233 ],
  [ 75, 0, 0, 0, 8 ],
  [ 76, 0, 0, 0, 242 ],
  [ 71, 0, 0, 0, 233 ],
  [ 71, 0, 0, 0, 8 ],
  [ 74, 0, 0, 0, 242 ],
  [ 72, 0, 0, 0, 242 ],
  [ 45, 0, 0, 0, 233 ],
  [ 69, 52, 0, 0, 142 ],
  [ 57, 0, 0, 0, 233 ],
  [ 57, 0, 0, 0, 8 ],
  [ 60, 0, 0, 0, 242 ],
  [ 64, 0, 0, 0, 242 ],
  [ 69, 0, 0, 0, 233 ],
  [ 40, 0, 0, 0, 142 ],
  [ 40, 0, 0, 0, 8 ],
  [ 71, 52, 0, 0, 50 ],
  [ 52, 0, 0, 0, 8 ],
  [ 56, 0, 0, 0, 233 ],
  [ 56, 0, 0, 0, 8 ],
  [ 64, 0, 0, 0, 242 ],
  [ 68, 0, 0, 0, 242 ],
  [ 71, 0, 0, 0, 233 ],
  [ 45, 0, 0, 0, 150 ],
  [ 52, 0, 0, 0, 100 ],
  [ 72, 0, 0, 0, 8 ],
  [ 57, 0, 0, 0, 242 ],
  [ 64, 0, 0, 0, 233 ],
  [ 76, 0, 0, 0, 242 ],
  [ 75, 0, 0, 0, 242 ],
  [ 76, 0, 0, 0, 233 ],
  [ 75, 0, 0, 0, 242 ],
  [ 76, 0, 0, 0, 233 ],
  [ 76, 0, 0, 0, 8 ],
  [ 71, 0, 0, 0, 233 ],
  [ 74, 0, 0, 0, 233 ],
  [ 72, 0, 0, 0, 233 ],
  [ 45, 0, 0, 0, 233 ],
  [ 69, 0, 0, 0, 17 ],
  [ 52, 69, 57, 0, 8 ],
  [ 60, 0, 0, 0, 242 ],
  [ 64, 0, 0, 0, 233 ],
  [ 69, 0, 0, 0, 233 ],
  [ 40, 0, 0, 0, 208 ],
  [ 40, 0, 0, 0, 8 ],
  [ 71, 52, 0, 0, 75 ],
  [ 56, 0, 0, 0, 233 ],
  [ 62, 0, 0, 0, 233 ],
  [ 62, 0, 0, 0, 8 ],
  [ 72, 0, 0, 0, 242 ],
  [ 71, 0, 0, 0, 242 ],
  [ 45, 0, 0, 0, 183 ],
  [ 45, 0, 0, 0, 8 ],
  [ 60, 0, 0, 0, 133 ],
  [ 69, 52, 60, 57, 8 ],
  [ 71, 0, 0, 0, 242 ],
  [ 72, 0, 0, 0, 233 ],
  [ 72, 0, 0, 0, 8 ],
  [ 74, 0, 0, 0, 242 ],
  [ 48, 0, 0, 0, 217 ],
  [ 55, 0, 0, 0, 117 ],
  [ 76, 0, 0, 0, 233 ],
  [ 60, 0, 0, 0, 8 ],
  [ 67, 0, 0, 0, 242 ],
  [ 77, 0, 0, 0, 242 ],
  [ 76, 0, 0, 0, 233 ],
  [ 76, 0, 0, 0, 8 ],
  [ 43, 0, 0, 0, 233 ],
  [ 43, 0, 0, 0, 8 ],
  [ 55, 0, 0, 0, 158 ],
  [ 55, 0, 0, 0, 8 ],
  [ 74, 59, 0, 0, 233 ],
  [ 59, 0, 0, 0, 8 ],
  [ 65, 0, 0, 0, 242 ],
  [ 76, 0, 0, 0, 233 ],
  [ 76, 0, 0, 0, 8 ],
  [ 74, 0, 0, 0, 233 ],
  [ 74, 0, 0, 0, 8 ],
  [ 45, 0, 0, 0, 125 ],
  [ 52, 0, 0, 0, 233 ],
  [ 57, 0, 0, 0, 208 ],
  [ 72, 57, 0, 0, 8 ],
  [ 64, 0, 0, 0, 242 ],
  [ 74, 0, 0, 0, 242 ],
  [ 72, 0, 0, 0, 242 ],
  [ 71, 40, 0, 0, 233 ],
  [ 71, 40, 0, 0, 8 ],
  [ 52, 0, 0, 0, 192 ],
  [ 52, 0, 0, 0, 8 ],
  [ 64, 0, 0, 0, 242 ],
  [ 64, 0, 0, 0, 233 ],
  [ 76, 0, 0, 0, 233 ],
  [ 64, 0, 0, 0, 242 ],
  [ 76, 0, 0, 0, 242 ],
  [ 76, 0, 0, 0, 242 ],
  [ 88, 0, 0, 0, 242 ],
  [ 75, 0, 0, 0, 242 ],
  [ 76, 0, 0, 0, 233 ],
  [ 75, 0, 0, 0, 242 ],
  [ 76, 0, 0, 0, 233 ],
  [ 76, 0, 0, 0, 8 ],
  [ 75, 0, 0, 0, 242 ],
  [ 76, 0, 0, 0, 233 ],
  [ 75, 0, 0, 0, 233 ],
  [ 75, 0, 0, 0, 8 ],
  [ 76, 0, 0, 0, 242 ],
  [ 75, 0, 0, 0, 233 ],
  [ 75, 0, 0, 0, 8 ],
  [ 76, 0, 0, 0, 242 ],
  [ 75, 0, 0, 0, 233 ],
  [ 76, 0, 0, 0, 233 ],
  [ 71, 0, 0, 0, 242 ],
  [ 74, 0, 0, 0, 233 ],
  [ 74, 0, 0, 0, 8 ],
  [ 72, 0, 0, 0, 233 ],
  [ 72, 0, 0, 0, 8 ],
  [ 45, 0, 0, 0, 192 ],
  [ 45, 0, 0, 0, 8 ],
  [ 52, 0, 0, 0, 125 ],
  [ 52, 0, 0, 0, 8 ],
  [ 69, 0, 0, 0, 233 ],
  [ 69, 57, 0, 0, 8 ],
  [ 60, 0, 0, 0, 233 ],
  [ 60, 0, 0, 0, 8 ],
  [ 64, 0, 0, 0, 242 ],
  [ 69, 0, 0, 0, 242 ],
  [ 40, 0, 0, 0, 183 ],
  [ 52, 0, 0, 0, 100 ],
  [ 71, 0, 0, 0, 233 ],
  [ 56, 0, 0, 0, 8 ],
  [ 64, 0, 0, 0, 242 ],
  [ 68, 0, 0, 0, 233 ],
  [ 68, 0, 0, 0, 8 ],
  [ 71, 0, 0, 0, 233 ],
  [ 71, 0, 0, 0, 8 ],
  [ 45, 0, 0, 0, 175 ],
  [ 72, 52, 0, 0, 133 ],
  [ 72, 0, 0, 0, 8 ],
  [ 57, 0, 0, 0, 233 ],
  [ 57, 0, 0, 0, 8 ],
  [ 64, 0, 0, 0, 242 ],
  [ 76, 0, 0, 0, 233 ],
  [ 75, 0, 0, 0, 242 ],
  [ 76, 0, 0, 0, 242 ],
  [ 75, 0, 0, 0, 233 ],
  [ 75, 0, 0, 0, 8 ],
  [ 76, 0, 0, 0, 233 ],
  [ 71, 0, 0, 0, 233 ],
  [ 71, 0, 0, 0, 8 ],
  [ 74, 0, 0, 0, 233 ],
  [ 74, 0, 0, 0, 8 ],
  [ 72, 0, 0, 0, 242 ],
  [ 45, 0, 0, 0, 217 ],
  [ 52, 69, 0, 0, 167 ],
  [ 69, 52, 57, 0, 8 ],
  [ 60, 0, 0, 0, 233 ],
  [ 60, 0, 0, 0, 8 ],
  [ 64, 0, 0, 0, 233 ],
  [ 64, 0, 0, 0, 8 ],
  [ 69, 0, 0, 0, 233 ],
  [ 69, 0, 0, 0, 8 ],
  [ 40, 0, 0, 0, 167 ],
  [ 52, 71, 0, 0, 75 ],
  [ 71, 52, 0, 0, 8 ],
  [ 56, 0, 0, 0, 242 ],
  [ 72, 0, 0, 0, 233 ],
  [ 72, 0, 0, 0, 8 ],
  [ 71, 0, 0, 0, 42 ],
  [ 62, 71, 0, 0, 8 ],
  [ 60, 45, 33, 0, 875 ],
  [ 69, 33, 60, 45, 8 ] ]
