[ [ 76, 0, 0, 0, 250 ],
  [ 75, 0, 0, 0, 250 ],
  [ 76, 0, 0, 0, 250 ],
  [ 75, 0, 0, 0, 250 ],
  [ 76, 0, 0, 0, 250 ],
  [ 71, 0, 0, 0, 250 ],
  [ 74, 0, 0, 0, 250 ],
  [ 72, 0, 0, 0, 250 ],
  [ 45, 0, 0, 0, 250 ],
  [ 52, 0, 0, 0, 250 ],
  [ 69, 57, 0, 0, 250 ],
  [ 60, 0, 0, 0, 250 ],
  [ 64, 0, 0, 0, 250 ],
  [ 69, 0, 0, 0, 250 ],
  [ 40, 0, 0, 0, 250 ],
  [ 52, 0, 0, 0, 250 ],
  [ 71, 56, 0, 0, 250 ],
  [ 64, 0, 0, 0, 250 ],
  [ 68, 0, 0, 0, 250 ],
  [ 71, 0, 0, 0, 250 ],
  [ 45, 0, 0, 0, 250 ],
  [ 52, 0, 0, 0, 250 ],
  [ 72, 57, 0, 0, 250 ],
  [ 64, 0, 0, 0, 250 ],
  [ 76, 0, 0, 0, 250 ],
  [ 75, 0, 0, 0, 250 ],
  [ 76, 0, 0, 0, 250 ],
  [ 75, 0, 0, 0, 250 ],
  [ 76, 0, 0, 0, 250 ],
  [ 71, 0, 0, 0, 250 ],
  [ 74, 0, 0, 0, 250 ],
  [ 72, 0, 0, 0, 250 ],
  [ 45, 0, 0, 0, 250 ],
  [ 52, 0, 0, 0, 250 ],
  [ 69, 57, 0, 0, 250 ],
  [ 60, 0, 0, 0, 250 ],
  [ 64, 0, 0, 0, 250 ],
  [ 69, 0, 0, 0, 250 ],
  [ 40, 0, 0, 0, 250 ],
  [ 52, 0, 0, 0, 250 ],
  [ 71, 56, 0, 0, 250 ],
  [ 64, 0, 0, 0, 250 ],
  [ 72, 0, 0, 0, 250 ],
  [ 71, 0, 0, 0, 250 ],
  [ 45, 0, 0, 0, 250 ],
  [ 52, 0, 0, 0, 250 ],
  [ 69, 57, 0, 0, 250 ],
  [ 76, 0, 0, 0, 250 ],
  [ 75, 0, 0, 0, 250 ],
  [ 76, 0, 0, 0, 250 ],
  [ 75, 0, 0, 0, 250 ],
  [ 76, 0, 0, 0, 250 ],
  [ 71, 0, 0, 0, 250 ],
  [ 74, 0, 0, 0, 250 ],
  [ 72, 0, 0, 0, 250 ],
  [ 45, 0, 0, 0, 250 ],
  [ 52, 0, 0, 0, 250 ],
  [ 57, 69, 0, 0, 250 ],
  [ 60, 0, 0, 0, 250 ],
  [ 64, 0, 0, 0, 250 ],
  [ 69, 0, 0, 0, 250 ],
  [ 40, 0, 0, 0, 250 ],
  [ 52, 0, 0, 0, 250 ],
  [ 71, 56, 0, 0, 250 ],
  [ 64, 0, 0, 0, 250 ],
  [ 68, 0, 0, 0, 250 ],
  [ 71, 0, 0, 0, 250 ],
  [ 45, 0, 0, 0, 250 ],
  [ 52, 72, 0, 0, 250 ],
  [ 57, 0, 0, 0, 250 ],
  [ 64, 0, 0, 0, 250 ],
  [ 76, 0, 0, 0, 250 ],
  [ 75, 0, 0, 0, 250 ],
  [ 76, 0, 0, 0, 250 ],
  [ 75, 0, 0, 0, 250 ],
  [ 76, 0, 0, 0, 250 ],
  [ 71, 0, 0, 0, 250 ],
  [ 74, 0, 0, 0, 250 ],
  [ 72, 0, 0, 0, 250 ],
  [ 45, 0, 0, 0, 250 ],
  [ 52, 69, 0, 0, 250 ],
  [ 57, 0, 0, 0, 250 ],
  [ 60, 0, 0, 0, 250 ],
  [ 64, 0, 0, 0, 250 ],
  [ 69, 0, 0, 0, 250 ],
  [ 40, 0, 0, 0, 250 ],
  [ 52, 71, 0, 0, 250 ],
  [ 56, 0, 0, 0, 250 ],
  [ 64, 0, 0, 0, 250 ],
  [ 72, 0, 0, 0, 250 ],
  [ 71, 0, 0, 0, 250 ],
  [ 45, 0, 0, 0, 250 ],
  [ 69, 52, 0, 0, 250 ],
  [ 57, 0, 0, 0, 250 ],
  [ 71, 0, 0, 0, 250 ],
  [ 72, 0, 0, 0, 250 ],
  [ 74, 0, 0, 0, 250 ],
  [ 48, 0, 0, 0, 250 ],
  [ 55, 0, 0, 0, 250 ],
  [ 76, 60, 0, 0, 250 ],
  [ 67, 0, 0, 0, 250 ],
  [ 77, 0, 0, 0, 250 ],
  [ 76, 0, 0, 0, 250 ],
  [ 43, 0, 0, 0, 250 ],
  [ 55, 0, 0, 0, 250 ],
  [ 74, 59, 0, 0, 250 ],
  [ 65, 0, 0, 0, 250 ],
  [ 76, 0, 0, 0, 250 ],
  [ 74, 0, 0, 0, 250 ],
  [ 45, 0, 0, 0, 250 ],
  [ 52, 0, 0, 0, 250 ],
  [ 57, 72, 0, 0, 250 ],
  [ 64, 0, 0, 0, 250 ],
  [ 74, 0, 0, 0, 250 ],
  [ 72, 0, 0, 0, 250 ],
  [ 40, 0, 0, 0, 250 ],
  [ 52, 71, 0, 0, 250 ],
  [ 64, 0, 0, 0, 250 ],
  [ 64, 0, 0, 0, 250 ],
  [ 76, 0, 0, 0, 250 ],
  [ 64, 0, 0, 0, 250 ],
  [ 76, 0, 0, 0, 250 ],
  [ 76, 0, 0, 0, 250 ],
  [ 88, 0, 0, 0, 250 ],
  [ 75, 0, 0, 0, 250 ],
  [ 76, 0, 0, 0, 250 ],
  [ 75, 0, 0, 0, 250 ],
  [ 76, 0, 0, 0, 250 ],
  [ 75, 0, 0, 0, 250 ],
  [ 76, 0, 0, 0, 250 ],
  [ 71, 0, 0, 0, 250 ],
  [ 74, 0, 0, 0, 250 ],
  [ 72, 0, 0, 0, 250 ],
  [ 45, 0, 0, 0, 250 ],
  [ 52, 69, 0, 0, 250 ],
  [ 57, 0, 0, 0, 250 ],
  [ 60, 0, 0, 0, 250 ],
  [ 64, 0, 0, 0, 250 ],
  [ 69, 0, 0, 0, 250 ],
  [ 40, 0, 0, 0, 250 ],
  [ 52, 71, 0, 0, 250 ],
  [ 56, 0, 0, 0, 250 ],
  [ 64, 0, 0, 0, 250 ],
  [ 68, 0, 0, 0, 250 ],
  [ 71, 0, 0, 0, 250 ],
  [ 45, 0, 0, 0, 250 ],
  [ 52, 72, 0, 0, 250 ],
  [ 57, 0, 0, 0, 250 ],
  [ 64, 0, 0, 0, 250 ],
  [ 76, 0, 0, 0, 250 ],
  [ 75, 0, 0, 0, 250 ],
  [ 76, 0, 0, 0, 250 ],
  [ 75, 0, 0, 0, 250 ],
  [ 76, 0, 0, 0, 250 ],
  [ 71, 0, 0, 0, 250 ],
  [ 74, 0, 0, 0, 250 ],
  [ 72, 0, 0, 0, 250 ],
  [ 45, 0, 0, 0, 250 ],
  [ 52, 69, 0, 0, 250 ],
  [ 57, 0, 0, 0, 250 ],
  [ 60, 0, 0, 0, 250 ],
  [ 64, 0, 0, 0, 250 ],
  [ 69, 0, 0, 0, 250 ],
  [ 40, 0, 0, 0, 250 ],
  [ 52, 71, 0, 0, 250 ],
  [ 56, 0, 0, 0, 250 ],
  [ 64, 0, 0, 0, 250 ],
  [ 72, 0, 0, 0, 250 ],
  [ 71, 0, 0, 0, 250 ],
  [ 45, 0, 0, 0, 250 ],
  [ 52, 69, 0, 0, 250 ],
  [ 57, 0, 0, 0, 250 ],
  [ 71, 0, 0, 0, 250 ],
  [ 72, 0, 0, 0, 250 ],
  [ 74, 0, 0, 0, 250 ],
  [ 48, 0, 0, 0, 250 ],
  [ 55, 0, 0, 0, 250 ],
  [ 76, 60, 0, 0, 250 ],
  [ 67, 0, 0, 0, 250 ],
  [ 77, 0, 0, 0, 250 ],
  [ 76, 0, 0, 0, 250 ],
  [ 43, 0, 0, 0, 250 ],
  [ 55, 0, 0, 0, 250 ],
  [ 74, 59, 0, 0, 250 ],
  [ 65, 0, 0, 0, 250 ],
  [ 76, 0, 0, 0, 250 ],
  [ 74, 0, 0, 0, 250 ],
  [ 45, 0, 0, 0, 250 ],
  [ 52, 0, 0, 0, 250 ],
  [ 72, 57, 0, 0, 250 ],
  [ 64, 0, 0, 0, 250 ],
  [ 74, 0, 0, 0, 250 ],
  [ 72, 0, 0, 0, 250 ],
  [ 40, 0, 0, 0, 250 ],
  [ 52, 71, 0, 0, 250 ],
  [ 64, 0, 0, 0, 250 ],
  [ 64, 0, 0, 0, 250 ],
  [ 76, 0, 0, 0, 250 ],
  [ 64, 0, 0, 0, 250 ],
  [ 76, 0, 0, 0, 250 ],
  [ 76, 0, 0, 0, 250 ],
  [ 88, 0, 0, 0, 250 ],
  [ 75, 0, 0, 0, 250 ],
  [ 76, 0, 0, 0, 250 ],
  [ 75, 0, 0, 0, 250 ],
  [ 76, 0, 0, 0, 250 ],
  [ 75, 0, 0, 0, 250 ],
  [ 76, 0, 0, 0, 250 ],
  [ 71, 0, 0, 0, 250 ],
  [ 74, 0, 0, 0, 250 ],
  [ 72, 0, 0, 0, 250 ],
  [ 45, 0, 0, 0, 250 ],
  [ 52, 69, 0, 0, 250 ],
  [ 57, 0, 0, 0, 250 ],
  [ 60, 0, 0, 0, 250 ],
  [ 64, 0, 0, 0, 250 ],
  [ 69, 0, 0, 0, 250 ],
  [ 40, 0, 0, 0, 250 ],
  [ 52, 71, 0, 0, 250 ],
  [ 56, 0, 0, 0, 250 ],
  [ 64, 0, 0, 0, 250 ],
  [ 68, 0, 0, 0, 250 ],
  [ 71, 0, 0, 0, 250 ],
  [ 45, 0, 0, 0, 250 ],
  [ 52, 72, 0, 0, 250 ],
  [ 57, 0, 0, 0, 250 ],
  [ 64, 0, 0, 0, 250 ],
  [ 76, 0, 0, 0, 250 ],
  [ 75, 0, 0, 0, 250 ],
  [ 76, 0, 0, 0, 250 ],
  [ 75, 0, 0, 0, 250 ],
  [ 76, 0, 0, 0, 250 ],
  [ 71, 0, 0, 0, 250 ],
  [ 74, 0, 0, 0, 250 ],
  [ 72, 0, 0, 0, 250 ],
  [ 45, 0, 0, 0, 250 ],
  [ 52, 69, 0, 0, 250 ],
  [ 57, 0, 0, 0, 250 ],
  [ 60, 0, 0, 0, 250 ],
  [ 64, 0, 0, 0, 250 ],
  [ 69, 0, 0, 0, 250 ],
  [ 40, 0, 0, 0, 250 ],
  [ 52, 71, 0, 0, 250 ],
  [ 56, 0, 0, 0, 250 ],
  [ 64, 0, 0, 0, 250 ],
  [ 72, 0, 0, 0, 250 ],
  [ 71, 0, 0, 0, 250 ],
  [ 45, 0, 0, 0, 250 ],
  [ 52, 69, 0, 0, 250 ],
  [ 57, 0, 0, 0, 250 ],
  [ 72, 64, 58, 60, 125 ],
  [ 72, 65, 57, 60, 125 ],
  [ 67, 72, 64, 55, 125 ],
  [ 53, 0, 0, 0, 250 ],
  [ 57, 0, 0, 0, 250 ],
  [ 60, 0, 0, 0, 250 ],
  [ 57, 72, 0, 0, 250 ],
  [ 60, 0, 0, 0, 250 ],
  [ 77, 0, 0, 0, 125 ],
  [ 76, 57, 0, 0, 125 ],
  [ 53, 0, 0, 0, 250 ],
  [ 58, 76, 0, 0, 250 ],
  [ 62, 0, 0, 0, 250 ],
  [ 58, 74, 0, 0, 250 ],
  [ 62, 0, 0, 0, 250 ],
  [ 82, 0, 0, 0, 125 ],
  [ 81, 58, 0, 0, 125 ],
  [ 53, 81, 0, 0, 250 ],
  [ 64, 79, 0, 0, 250 ],
  [ 53, 55, 58, 77, 250 ],
  [ 64, 76, 0, 0, 250 ],
  [ 53, 55, 58, 74, 250 ],
  [ 64, 72, 0, 0, 250 ],
  [ 53, 0, 0, 0, 250 ],
  [ 57, 70, 0, 0, 250 ],
  [ 60, 0, 0, 0, 250 ],
  [ 57, 69, 0, 0, 250 ],
  [ 69, 0, 0, 0, 125 ],
  [ 60, 67, 0, 0, 125 ],
  [ 69, 0, 0, 0, 125 ],
  [ 57, 70, 0, 0, 125 ],
  [ 53, 0, 0, 0, 250 ],
  [ 57, 0, 0, 0, 250 ],
  [ 60, 0, 0, 0, 250 ],
  [ 57, 72, 0, 0, 250 ],
  [ 60, 74, 0, 0, 250 ],
  [ 57, 75, 0, 0, 250 ],
  [ 52, 0, 0, 0, 250 ],
  [ 57, 0, 0, 0, 250 ],
  [ 60, 76, 0, 0, 250 ],
  [ 57, 76, 0, 0, 250 ],
  [ 50, 62, 77, 0, 250 ],
  [ 53, 69, 0, 0, 250 ],
  [ 55, 0, 0, 0, 250 ],
  [ 64, 0, 0, 0, 250 ],
  [ 55, 0, 0, 0, 250 ],
  [ 64, 72, 0, 0, 250 ],
  [ 55, 0, 0, 0, 250 ],
  [ 74, 0, 0, 0, 125 ],
  [ 65, 71, 0, 0, 125 ],
  [ 72, 0, 0, 0, 125 ],
  [ 79, 0, 0, 0, 125 ],
  [ 67, 0, 0, 0, 125 ],
  [ 64, 60, 79, 0, 125 ],
  [ 69, 0, 0, 0, 125 ],
  [ 79, 0, 0, 0, 125 ],
  [ 65, 67, 71, 0, 125 ],
  [ 79, 0, 0, 0, 125 ],
  [ 64, 67, 72, 0, 125 ],
  [ 79, 0, 0, 0, 125 ],
  [ 62, 65, 67, 74, 125 ],
  [ 79, 0, 0, 0, 125 ],
  [ 76, 0, 0, 0, 125 ],
  [ 67, 64, 60, 79, 125 ],
  [ 84, 0, 0, 0, 125 ],
  [ 83, 0, 0, 0, 125 ],
  [ 81, 0, 0, 0, 125 ],
  [ 57, 53, 79, 0, 125 ],
  [ 77, 0, 0, 0, 125 ],
  [ 74, 0, 0, 0, 125 ],
  [ 72, 0, 0, 0, 125 ],
  [ 59, 55, 79, 0, 125 ],
  [ 77, 0, 0, 0, 125 ],
  [ 74, 0, 0, 0, 125 ],
  [ 72, 0, 0, 0, 125 ],
  [ 60, 79, 0, 0, 125 ],
  [ 67, 0, 0, 0, 125 ],
  [ 79, 0, 0, 0, 125 ],
  [ 69, 0, 0, 0, 125 ],
  [ 79, 0, 0, 0, 125 ],
  [ 65, 67, 71, 0, 125 ],
  [ 79, 0, 0, 0, 125 ],
  [ 64, 67, 72, 0, 125 ],
  [ 79, 0, 0, 0, 125 ],
  [ 62, 65, 67, 74, 125 ],
  [ 79, 0, 0, 0, 125 ],
  [ 76, 0, 0, 0, 125 ],
  [ 67, 64, 60, 79, 125 ],
  [ 84, 0, 0, 0, 125 ],
  [ 83, 0, 0, 0, 125 ],
  [ 81, 0, 0, 0, 125 ],
  [ 57, 53, 79, 0, 125 ],
  [ 77, 0, 0, 0, 125 ],
  [ 76, 0, 0, 0, 125 ],
  [ 74, 0, 0, 0, 125 ],
  [ 59, 55, 79, 0, 125 ],
  [ 77, 0, 0, 0, 125 ],
  [ 74, 0, 0, 0, 125 ],
  [ 76, 0, 0, 0, 125 ],
  [ 59, 56, 77, 0, 125 ],
  [ 76, 0, 0, 0, 125 ],
  [ 75, 0, 0, 0, 125 ],
  [ 76, 0, 0, 0, 125 ],
  [ 71, 0, 0, 0, 125 ],
  [ 76, 0, 0, 0, 125 ],
  [ 75, 0, 0, 0, 125 ],
  [ 76, 0, 0, 0, 125 ],
  [ 71, 0, 0, 0, 125 ],
  [ 76, 0, 0, 0, 125 ],
  [ 75, 0, 0, 0, 125 ],
  [ 76, 0, 0, 0, 750 ],
  [ 71, 0, 0, 0, 250 ],
  [ 76, 0, 0, 0, 250 ],
  [ 75, 0, 0, 0, 250 ],
  [ 76, 0, 0, 0, 750 ],
  [ 71, 0, 0, 0, 250 ],
  [ 76, 0, 0, 0, 250 ],
  [ 75, 0, 0, 0, 250 ],
  [ 76, 0, 0, 0, 250 ],
  [ 75, 0, 0, 0, 250 ],
  [ 76, 0, 0, 0, 250 ],
  [ 75, 0, 0, 0, 250 ],
  [ 76, 0, 0, 0, 250 ],
  [ 75, 0, 0, 0, 250 ],
  [ 76, 0, 0, 0, 250 ],
  [ 75, 0, 0, 0, 250 ],
  [ 76, 0, 0, 0, 250 ],
  [ 71, 0, 0, 0, 250 ],
  [ 74, 0, 0, 0, 250 ],
  [ 72, 0, 0, 0, 250 ],
  [ 45, 0, 0, 0, 250 ],
  [ 52, 0, 0, 0, 250 ],
  [ 69, 57, 0, 0, 250 ],
  [ 60, 0, 0, 0, 250 ],
  [ 64, 0, 0, 0, 250 ],
  [ 69, 0, 0, 0, 250 ],
  [ 40, 0, 0, 0, 250 ],
  [ 52, 0, 0, 0, 250 ],
  [ 71, 56, 0, 0, 250 ],
  [ 64, 0, 0, 0, 250 ],
  [ 68, 0, 0, 0, 250 ],
  [ 71, 0, 0, 0, 250 ],
  [ 45, 0, 0, 0, 250 ],
  [ 52, 0, 0, 0, 250 ],
  [ 72, 57, 0, 0, 250 ],
  [ 64, 0, 0, 0, 250 ],
  [ 76, 0, 0, 0, 250 ],
  [ 75, 0, 0, 0, 250 ],
  [ 76, 0, 0, 0, 250 ],
  [ 75, 0, 0, 0, 250 ],
  [ 76, 0, 0, 0, 250 ],
  [ 71, 0, 0, 0, 250 ],
  [ 74, 0, 0, 0, 250 ],
  [ 72, 0, 0, 0, 250 ],
  [ 45, 0, 0, 0, 250 ],
  [ 52, 0, 0, 0, 250 ],
  [ 69, 57, 0, 0, 250 ],
  [ 60, 0, 0, 0, 250 ],
  [ 64, 0, 0, 0, 250 ],
  [ 69, 0, 0, 0, 250 ],
  [ 40, 0, 0, 0, 250 ],
  [ 52, 0, 0, 0, 250 ],
  [ 71, 56, 0, 0, 250 ],
  [ 64, 0, 0, 0, 250 ],
  [ 72, 0, 0, 0, 250 ],
  [ 71, 0, 0, 0, 250 ],
  [ 45, 0, 0, 0, 250 ],
  [ 52, 0, 0, 0, 250 ],
  [ 69, 57, 0, 0, 250 ],
  [ 76, 0, 0, 0, 250 ],
  [ 75, 0, 0, 0, 250 ],
  [ 76, 0, 0, 0, 250 ],
  [ 75, 0, 0, 0, 250 ],
  [ 76, 0, 0, 0, 250 ],
  [ 71, 0, 0, 0, 250 ],
  [ 74, 0, 0, 0, 250 ],
  [ 72, 0, 0, 0, 250 ],
  [ 45, 0, 0, 0, 250 ],
  [ 52, 0, 0, 0, 250 ],
  [ 57, 69, 0, 0, 250 ],
  [ 60, 0, 0, 0, 250 ],
  [ 64, 0, 0, 0, 250 ],
  [ 69, 0, 0, 0, 250 ],
  [ 40, 0, 0, 0, 250 ],
  [ 52, 0, 0, 0, 250 ],
  [ 56, 71, 0, 0, 250 ],
  [ 64, 0, 0, 0, 250 ],
  [ 68, 0, 0, 0, 250 ],
  [ 71, 0, 0, 0, 250 ],
  [ 45, 0, 0, 0, 250 ],
  [ 52, 72, 0, 0, 250 ],
  [ 57, 0, 0, 0, 250 ],
  [ 64, 0, 0, 0, 250 ],
  [ 76, 0, 0, 0, 250 ],
  [ 75, 0, 0, 0, 250 ],
  [ 76, 0, 0, 0, 250 ],
  [ 75, 0, 0, 0, 250 ],
  [ 76, 0, 0, 0, 250 ],
  [ 71, 0, 0, 0, 250 ],
  [ 74, 0, 0, 0, 250 ],
  [ 72, 0, 0, 0, 250 ],
  [ 45, 0, 0, 0, 250 ],
  [ 52, 69, 0, 0, 250 ],
  [ 57, 0, 0, 0, 250 ],
  [ 60, 0, 0, 0, 250 ],
  [ 64, 0, 0, 0, 250 ],
  [ 69, 0, 0, 0, 250 ],
  [ 40, 0, 0, 0, 250 ],
  [ 52, 71, 0, 0, 250 ],
  [ 56, 0, 0, 0, 250 ],
  [ 64, 0, 0, 0, 250 ],
  [ 72, 0, 0, 0, 250 ],
  [ 71, 0, 0, 0, 250 ],
  [ 45, 0, 0, 0, 250 ],
  [ 69, 52, 0, 0, 250 ],
  [ 57, 0, 0, 0, 250 ],
  [ 71, 0, 0, 0, 250 ],
  [ 72, 0, 0, 0, 250 ],
  [ 74, 0, 0, 0, 250 ],
  [ 48, 0, 0, 0, 250 ],
  [ 55, 0, 0, 0, 250 ],
  [ 76, 60, 0, 0, 250 ],
  [ 67, 0, 0, 0, 250 ],
  [ 77, 0, 0, 0, 250 ],
  [ 76, 0, 0, 0, 250 ],
  [ 43, 0, 0, 0, 250 ],
  [ 55, 0, 0, 0, 250 ],
  [ 74, 59, 0, 0, 250 ],
  [ 65, 0, 0, 0, 250 ],
  [ 76, 0, 0, 0, 250 ],
  [ 74, 0, 0, 0, 250 ],
  [ 45, 0, 0, 0, 250 ],
  [ 52, 0, 0, 0, 250 ],
  [ 57, 72, 0, 0, 250 ],
  [ 64, 0, 0, 0, 250 ],
  [ 74, 0, 0, 0, 250 ],
  [ 72, 0, 0, 0, 250 ],
  [ 40, 0, 0, 0, 250 ],
  [ 52, 71, 0, 0, 250 ],
  [ 64, 0, 0, 0, 250 ],
  [ 64, 0, 0, 0, 250 ],
  [ 76, 0, 0, 0, 250 ],
  [ 64, 0, 0, 0, 250 ],
  [ 76, 0, 0, 0, 250 ],
  [ 76, 0, 0, 0, 250 ],
  [ 88, 0, 0, 0, 250 ],
  [ 75, 0, 0, 0, 250 ],
  [ 76, 0, 0, 0, 250 ],
  [ 75, 0, 0, 0, 250 ],
  [ 76, 0, 0, 0, 250 ],
  [ 75, 0, 0, 0, 250 ],
  [ 76, 0, 0, 0, 250 ],
  [ 71, 0, 0, 0, 250 ],
  [ 74, 0, 0, 0, 250 ],
  [ 72, 0, 0, 0, 250 ],
  [ 45, 0, 0, 0, 250 ],
  [ 52, 69, 0, 0, 250 ],
  [ 57, 0, 0, 0, 250 ],
  [ 60, 0, 0, 0, 250 ],
  [ 64, 0, 0, 0, 250 ],
  [ 69, 0, 0, 0, 250 ],
  [ 40, 0, 0, 0, 250 ],
  [ 52, 71, 0, 0, 250 ],
  [ 56, 0, 0, 0, 250 ],
  [ 64, 0, 0, 0, 250 ],
  [ 68, 0, 0, 0, 250 ],
  [ 71, 0, 0, 0, 250 ],
  [ 45, 0, 0, 0, 250 ],
  [ 52, 72, 0, 0, 250 ],
  [ 57, 0, 0, 0, 250 ],
  [ 64, 0, 0, 0, 250 ],
  [ 76, 0, 0, 0, 250 ],
  [ 75, 0, 0, 0, 250 ],
  [ 76, 0, 0, 0, 250 ],
  [ 75, 0, 0, 0, 250 ],
  [ 76, 0, 0, 0, 250 ],
  [ 71, 0, 0, 0, 250 ],
  [ 74, 0, 0, 0, 250 ],
  [ 72, 0, 0, 0, 250 ],
  [ 45, 0, 0, 0, 250 ],
  [ 52, 69, 0, 0, 250 ],
  [ 57, 0, 0, 0, 250 ],
  [ 60, 0, 0, 0, 250 ],
  [ 64, 0, 0, 0, 250 ],
  [ 69, 0, 0, 0, 250 ],
  [ 40, 0, 0, 0, 250 ],
  [ 52, 71, 0, 0, 250 ],
  [ 56, 0, 0, 0, 250 ],
  [ 64, 0, 0, 0, 250 ],
  [ 72, 0, 0, 0, 250 ],
  [ 71, 0, 0, 0, 250 ],
  [ 45, 0, 0, 0, 125 ],
  [ 45, 0, 0, 0, 125 ],
  [ 69, 0, 0, 0, 125 ],
  [ 45, 0, 0, 0, 125 ],
  [ 45, 0, 0, 0, 125 ],
  [ 45, 0, 0, 0, 125 ],
  [ 45, 0, 0, 0, 125 ],
  [ 45, 0, 0, 0, 125 ],
  [ 45, 0, 0, 0, 125 ],
  [ 45, 0, 0, 0, 125 ],
  [ 45, 0, 0, 0, 125 ],
  [ 45, 0, 0, 0, 125 ],
  [ 45, 0, 0, 0, 125 ],
  [ 64, 67, 70, 73, 125 ],
  [ 45, 0, 0, 0, 125 ],
  [ 45, 0, 0, 0, 125 ],
  [ 45, 0, 0, 0, 125 ],
  [ 45, 0, 0, 0, 125 ],
  [ 69, 65, 74, 0, 125 ],
  [ 45, 0, 0, 0, 125 ],
  [ 76, 73, 0, 0, 125 ],
  [ 45, 0, 0, 0, 125 ],
  [ 77, 74, 0, 0, 125 ],
  [ 45, 0, 0, 0, 125 ],
  [ 45, 0, 0, 0, 125 ],
  [ 45, 0, 0, 0, 125 ],
  [ 45, 0, 0, 0, 125 ],
  [ 68, 74, 77, 0, 125 ],
  [ 45, 0, 0, 0, 125 ],
  [ 45, 0, 0, 0, 125 ],
  [ 68, 74, 77, 0, 125 ],
  [ 45, 0, 0, 0, 125 ],
  [ 45, 0, 0, 0, 125 ],
  [ 45, 0, 0, 0, 125 ],
  [ 45, 0, 0, 0, 125 ],
  [ 45, 0, 0, 0, 125 ],
  [ 45, 0, 0, 0, 125 ],
  [ 76, 72, 69, 0, 125 ],
  [ 38, 45, 0, 0, 125 ],
  [ 38, 45, 0, 0, 125 ],
  [ 38, 45, 0, 0, 125 ],
  [ 38, 45, 0, 0, 125 ],
  [ 65, 74, 0, 0, 125 ],
  [ 38, 45, 0, 0, 125 ],
  [ 64, 72, 0, 0, 125 ],
  [ 38, 45, 0, 0, 125 ],
  [ 62, 71, 0, 0, 125 ],
  [ 45, 39, 0, 0, 125 ],
  [ 39, 0, 0, 0, 63 ],
  [ 45, 0, 0, 0, 63 ],
  [ 39, 0, 0, 0, 63 ],
  [ 45, 0, 0, 0, 63 ],
  [ 39, 0, 0, 0, 16 ],
  [ 45, 0, 0, 0, 109 ],
  [ 69, 66, 60, 0, 125 ],
  [ 39, 0, 0, 0, 63 ],
  [ 45, 0, 0, 0, 63 ],
  [ 39, 0, 0, 0, 63 ],
  [ 45, 0, 0, 0, 63 ],
  [ 69, 60, 0, 0, 125 ],
  [ 40, 45, 0, 0, 125 ],
  [ 40, 45, 0, 0, 125 ],
  [ 60, 69, 0, 0, 125 ],
  [ 40, 45, 0, 0, 125 ],
  [ 40, 45, 0, 0, 125 ],
  [ 64, 72, 0, 0, 125 ],
  [ 40, 44, 0, 0, 125 ],
  [ 40, 44, 0, 0, 125 ],
  [ 62, 71, 0, 0, 125 ],
  [ 33, 45, 0, 0, 125 ],
  [ 45, 0, 0, 0, 125 ],
  [ 45, 0, 0, 0, 125 ],
  [ 45, 0, 0, 0, 125 ],
  [ 45, 0, 0, 0, 125 ],
  [ 45, 0, 0, 0, 125 ],
  [ 60, 69, 0, 0, 125 ],
  [ 45, 0, 0, 0, 125 ],
  [ 45, 0, 0, 0, 125 ],
  [ 45, 0, 0, 0, 125 ],
  [ 45, 0, 0, 0, 125 ],
  [ 45, 0, 0, 0, 125 ],
  [ 45, 0, 0, 0, 125 ],
  [ 64, 73, 70, 67, 125 ],
  [ 45, 0, 0, 0, 125 ],
  [ 45, 0, 0, 0, 125 ],
  [ 45, 0, 0, 0, 125 ],
  [ 45, 0, 0, 0, 125 ],
  [ 65, 69, 74, 0, 125 ],
  [ 45, 0, 0, 0, 125 ],
  [ 76, 73, 0, 0, 125 ],
  [ 45, 0, 0, 0, 125 ],
  [ 77, 74, 0, 0, 125 ],
  [ 45, 0, 0, 0, 125 ],
  [ 45, 0, 0, 0, 125 ],
  [ 45, 0, 0, 0, 125 ],
  [ 45, 0, 0, 0, 125 ],
  [ 77, 74, 0, 0, 125 ],
  [ 45, 0, 0, 0, 125 ],
  [ 45, 0, 0, 0, 125 ],
  [ 77, 74, 0, 0, 125 ],
  [ 46, 0, 0, 0, 125 ],
  [ 46, 0, 0, 0, 125 ],
  [ 46, 0, 0, 0, 125 ],
  [ 46, 0, 0, 0, 125 ],
  [ 46, 0, 0, 0, 125 ],
  [ 46, 0, 0, 0, 125 ],
  [ 77, 74, 0, 0, 125 ],
  [ 46, 0, 0, 0, 125 ],
  [ 46, 0, 0, 0, 125 ],
  [ 46, 0, 0, 0, 125 ],
  [ 46, 0, 0, 0, 125 ],
  [ 67, 75, 0, 0, 125 ],
  [ 46, 0, 0, 0, 125 ],
  [ 65, 74, 0, 0, 125 ],
  [ 46, 0, 0, 0, 125 ],
  [ 63, 72, 0, 0, 125 ],
  [ 46, 0, 0, 0, 125 ],
  [ 46, 0, 0, 0, 125 ],
  [ 46, 0, 0, 0, 125 ],
  [ 46, 0, 0, 0, 125 ],
  [ 62, 65, 70, 0, 125 ],
  [ 46, 0, 0, 0, 125 ],
  [ 46, 0, 0, 0, 125 ],
  [ 69, 65, 62, 0, 125 ],
  [ 47, 0, 0, 0, 250 ],
  [ 47, 0, 0, 0, 250 ],
  [ 47, 0, 0, 0, 250 ],
  [ 68, 65, 62, 47, 250 ],
  [ 47, 0, 0, 0, 250 ],
  [ 68, 65, 62, 47, 250 ],
  [ 48, 69, 64, 60, 1000 ],
  [ 56, 52, 65, 64, 250 ],
  [ 60, 0, 0, 0, 167 ],
  [ 60, 0, 0, 0, 167 ],
  [ 64, 0, 0, 0, 167 ],
  [ 69, 0, 0, 0, 167 ],
  [ 72, 0, 0, 0, 167 ],
  [ 76, 0, 0, 0, 167 ],
  [ 74, 0, 0, 0, 167 ],
  [ 72, 0, 0, 0, 167 ],
  [ 64, 60, 57, 71, 167 ],
  [ 69, 0, 0, 0, 167 ],
  [ 72, 0, 0, 0, 167 ],
  [ 57, 60, 64, 76, 167 ],
  [ 81, 0, 0, 0, 167 ],
  [ 84, 0, 0, 0, 167 ],
  [ 88, 0, 0, 0, 167 ],
  [ 86, 0, 0, 0, 167 ],
  [ 84, 0, 0, 0, 167 ],
  [ 57, 60, 64, 83, 167 ],
  [ 81, 0, 0, 0, 167 ],
  [ 84, 0, 0, 0, 167 ],
  [ 57, 60, 64, 88, 167 ],
  [ 93, 0, 0, 0, 167 ],
  [ 96, 0, 0, 0, 167 ],
  [ 100, 0, 0, 0, 167 ],
  [ 98, 0, 0, 0, 167 ],
  [ 96, 0, 0, 0, 167 ],
  [ 64, 60, 57, 95, 167 ],
  [ 94, 0, 0, 0, 167 ],
  [ 93, 0, 0, 0, 167 ],
  [ 57, 60, 64, 92, 167 ],
  [ 91, 0, 0, 0, 167 ],
  [ 90, 0, 0, 0, 167 ],
  [ 89, 0, 0, 0, 167 ],
  [ 88, 0, 0, 0, 167 ],
  [ 87, 0, 0, 0, 167 ],
  [ 86, 0, 0, 0, 167 ],
  [ 85, 0, 0, 0, 167 ],
  [ 84, 0, 0, 0, 167 ],
  [ 83, 0, 0, 0, 167 ],
  [ 82, 0, 0, 0, 167 ],
  [ 81, 0, 0, 0, 167 ],
  [ 80, 0, 0, 0, 167 ],
  [ 79, 0, 0, 0, 167 ],
  [ 78, 0, 0, 0, 167 ],
  [ 77, 0, 0, 0, 167 ],
  [ 76, 0, 0, 0, 250 ],
  [ 75, 0, 0, 0, 250 ],
  [ 76, 0, 0, 0, 250 ],
  [ 71, 0, 0, 0, 250 ],
  [ 74, 0, 0, 0, 250 ],
  [ 72, 0, 0, 0, 250 ],
  [ 45, 0, 0, 0, 250 ],
  [ 52, 69, 0, 0, 250 ],
  [ 57, 0, 0, 0, 250 ],
  [ 60, 0, 0, 0, 250 ],
  [ 64, 0, 0, 0, 250 ],
  [ 69, 0, 0, 0, 250 ],
  [ 40, 0, 0, 0, 250 ],
  [ 52, 71, 0, 0, 250 ],
  [ 56, 0, 0, 0, 250 ],
  [ 64, 0, 0, 0, 250 ],
  [ 68, 0, 0, 0, 250 ],
  [ 71, 0, 0, 0, 250 ],
  [ 45, 0, 0, 0, 250 ],
  [ 52, 72, 0, 0, 250 ],
  [ 57, 0, 0, 0, 250 ],
  [ 64, 0, 0, 0, 250 ],
  [ 76, 0, 0, 0, 250 ],
  [ 75, 0, 0, 0, 250 ],
  [ 76, 0, 0, 0, 250 ],
  [ 75, 0, 0, 0, 250 ],
  [ 76, 0, 0, 0, 250 ],
  [ 71, 0, 0, 0, 250 ],
  [ 74, 0, 0, 0, 250 ],
  [ 72, 0, 0, 0, 250 ],
  [ 45, 0, 0, 0, 250 ],
  [ 52, 69, 0, 0, 250 ],
  [ 57, 0, 0, 0, 250 ],
  [ 60, 0, 0, 0, 250 ],
  [ 64, 0, 0, 0, 250 ],
  [ 69, 0, 0, 0, 250 ],
  [ 40, 0, 0, 0, 250 ],
  [ 52, 71, 0, 0, 250 ],
  [ 56, 0, 0, 0, 250 ],
  [ 64, 0, 0, 0, 250 ],
  [ 72, 0, 0, 0, 250 ],
  [ 71, 0, 0, 0, 250 ],
  [ 45, 0, 0, 0, 250 ],
  [ 52, 69, 0, 0, 250 ],
  [ 57, 0, 0, 0, 250 ],
  [ 71, 0, 0, 0, 250 ],
  [ 72, 0, 0, 0, 250 ],
  [ 74, 0, 0, 0, 250 ],
  [ 48, 0, 0, 0, 250 ],
  [ 55, 0, 0, 0, 250 ],
  [ 76, 60, 0, 0, 250 ],
  [ 67, 0, 0, 0, 250 ],
  [ 77, 0, 0, 0, 250 ],
  [ 76, 0, 0, 0, 250 ],
  [ 43, 0, 0, 0, 250 ],
  [ 55, 0, 0, 0, 250 ],
  [ 74, 59, 0, 0, 250 ],
  [ 65, 0, 0, 0, 250 ],
  [ 76, 0, 0, 0, 250 ],
  [ 74, 0, 0, 0, 250 ],
  [ 45, 0, 0, 0, 250 ],
  [ 52, 0, 0, 0, 250 ],
  [ 72, 57, 0, 0, 250 ],
  [ 64, 0, 0, 0, 250 ],
  [ 74, 0, 0, 0, 250 ],
  [ 72, 0, 0, 0, 250 ],
  [ 40, 0, 0, 0, 250 ],
  [ 52, 71, 0, 0, 250 ],
  [ 64, 0, 0, 0, 250 ],
  [ 64, 0, 0, 0, 250 ],
  [ 76, 0, 0, 0, 250 ],
  [ 64, 0, 0, 0, 250 ],
  [ 76, 0, 0, 0, 250 ],
  [ 76, 0, 0, 0, 250 ],
  [ 88, 0, 0, 0, 250 ],
  [ 75, 0, 0, 0, 250 ],
  [ 76, 0, 0, 0, 250 ],
  [ 75, 0, 0, 0, 250 ],
  [ 76, 0, 0, 0, 250 ],
  [ 75, 0, 0, 0, 250 ],
  [ 76, 0, 0, 0, 250 ],
  [ 71, 0, 0, 0, 250 ],
  [ 74, 0, 0, 0, 250 ],
  [ 72, 0, 0, 0, 250 ],
  [ 45, 0, 0, 0, 250 ],
  [ 52, 69, 0, 0, 250 ],
  [ 57, 0, 0, 0, 250 ],
  [ 60, 0, 0, 0, 250 ],
  [ 64, 0, 0, 0, 250 ],
  [ 69, 0, 0, 0, 250 ],
  [ 40, 0, 0, 0, 250 ],
  [ 52, 71, 0, 0, 250 ],
  [ 56, 0, 0, 0, 250 ],
  [ 64, 0, 0, 0, 250 ],
  [ 68, 0, 0, 0, 250 ],
  [ 71, 0, 0, 0, 250 ],
  [ 45, 0, 0, 0, 250 ],
  [ 52, 72, 0, 0, 250 ],
  [ 57, 0, 0, 0, 250 ],
  [ 64, 0, 0, 0, 250 ],
  [ 76, 0, 0, 0, 250 ],
  [ 75, 0, 0, 0, 250 ],
  [ 76, 0, 0, 0, 250 ],
  [ 75, 0, 0, 0, 250 ],
  [ 76, 0, 0, 0, 250 ],
  [ 71, 0, 0, 0, 250 ],
  [ 74, 0, 0, 0, 250 ],
  [ 72, 0, 0, 0, 250 ],
  [ 45, 0, 0, 0, 250 ],
  [ 52, 69, 0, 0, 250 ],
  [ 57, 0, 0, 0, 250 ],
  [ 60, 0, 0, 0, 250 ],
  [ 64, 0, 0, 0, 250 ],
  [ 69, 0, 0, 0, 250 ],
  [ 40, 0, 0, 0, 250 ],
  [ 52, 71, 0, 0, 250 ],
  [ 56, 0, 0, 0, 250 ],
  [ 64, 0, 0, 0, 250 ],
  [ 72, 0, 0, 0, 250 ],
  [ 71, 0, 0, 0, 28 ],
  [ 45, 33, 60, 69, 1500 ] ]
