[ [ 52, 64, 77, 89, 0, 0, 0, 0, 0 ],
  [ 52, 64, 77, 89, 0, 0, 10, 0, 350 ],
  [ 52, 64, 74, 89, 0, 0, 10, 0, 389 ],
  [ 52, 64, 72, 89, 0, 0, 10, 0, 389 ],
  [ 52, 62, 69, 89, 0, 0, 10, 0, 390 ],
  [ 52, 62, 72, 89, 0, 0, 10, 0, 150 ],
  [ 52, 62, 74, 89, 0, 0, 10, 0, 124 ],
  [ 52, 62, 72, 89, 0, 0, 10, 0, 124 ],
  [ 52, 62, 70, 89, 0, 0, 10, 0, 124 ],
  [ 52, 62, 69, 89, 0, 0, 10, 0, 124 ],
  [ 52, 60, 67, 89, 0, 0, 10, 0, 124 ],
  [ 52, 58, 65, 89, 0, 0, 10, 0, 355 ],
  [ 52, 58, 69, 89, 0, 0, 10, 0, 256 ],
  [ 52, 58, 67, 89, 0, 0, 10, 0, 138 ],
  [ 52, 58, 65, 89, 0, 0, 10, 0, 244 ],
  [ 52, 58, 65, 89, 0, 0, 10, 0, 138 ],
  [ 52, 58, 65, 89, 0, 0, 10, 0, 244 ],
  [ 52, 58, 67, 89, 0, 0, 10, 0, 138 ],
  [ 52, 58, 69, 89, 0, 0, 10, 0, 244 ],
  [ 52, 58, 69, 89, 0, 0, 10, 0, 138 ],
  [ 52, 58, 69, 89, 0, 0, 10, 0, 125 ],
  [ 52, 58, 67, 89, 0, 0, 10, 0, 125 ],
  [ 52, 58, 65, 89, 0, 0, 10, 0, 125 ],
  [ 52, 58, 67, 89, 0, 0, 10, 0, 125 ],
  [ 52, 58, 69, 89, 0, 0, 10, 0, 125 ],
  [ 52, 58, 67, 89, 0, 0, 10, 0, 125 ],
  [ 52, 58, 65, 89, 0, 0, 10, 0, 256 ],
  [ 52, 57, 64, 89, 0, 0, 10, 0, 138 ],
  [ 52, 57, 65, 89, 0, 0, 10, 0, 255 ] ]
