[[77, 0, 0, 0, 350],
[74, 0, 0, 0, 389],
[72, 0, 0, 0, 389],
[69, 0, 0, 0, 390],
[72, 0, 0, 0, 150],
[74, 0, 0, 0, 124],
[72, 0, 0, 0, 124],
[70, 0, 0, 0, 124],
[69, 0, 0, 0, 124],
[67, 0, 0, 0, 124],
[65, 0, 0, 0, 355],
[69, 0, 0, 0, 256],
[67, 0, 0, 0, 138],
[65, 0, 0, 0, 244],
[65, 0, 0, 0, 138],
[65, 0, 0, 0, 244],
[67, 0, 0, 0, 138],
[69, 0, 0, 0, 244],
[69, 0, 0, 0, 138],
[69, 0, 0, 0, 125],
[67, 0, 0, 0, 125],
[65, 0, 0, 0, 125],
[67, 0, 0, 0, 125],
[69, 0, 0, 0, 125],
[67, 0, 0, 0, 125],
[65, 0, 0, 0, 256],
[64, 0, 0, 0, 138],
[65, 0, 0, 0, 255]]
